1660652492327011840
1660652492377252352
1660652492426951680
1660652492477665280
1660652492527582208
1660652492577215488
1660652492627587328
1660652492677468160
1660652492727207424
1660652492777587456
1660652492827654400
1660652492878059008
1660652492927721216
1660652492978497024
1660652493027388160
1660652493080293632
1660652493127556608
1660652493178208256
1660652493227787776
1660652493278161920
1660652493328281856
1660652493378154496
1660652493427644160
1660652493477942784
1660652493527701248
1660652493577823744
1660652493628182528
1660652493678368768
1660652493728163072
1660652493778953728
1660652493828468224
1660652493878225664
1660652493928175104
1660652493978413568
1660652494028202240
1660652494078144512
1660652494129242112
1660652494178703104
1660652494228601344
1660652494279376384
1660652494328674304
1660652494379158016
1660652494429033984
1660652494479545344
1660652494528769280
1660652494580243968
1660652494629100544
1660652494679802880
1660652494729848320
1660652494780083200
1660652494829165824
1660652494879661824
1660652494929647872
1660652494979791104
1660652495029041152
1660652495080185856
1660652495129439232
1660652495180160512
1660652495229216768
1660652495280422144
1660652495328966656
1660652495380428800
1660652495429200128
1660652495479539968
1660652495529382400
1660652495580329984
1660652495629977856
1660652495680095232
1660652495729643776
1660652495779938816
1660652495829454080
1660652495879759616
1660652495929919488
1660652495979747584
1660652496029740032
1660652496081162496
1660652496129683968
1660652496180462336
1660652496229604352
1660652496279709184
1660652496329518080
1660652496383416320
1660652496430008576
1660652496480634880
1660652496531022848
1660652496580551168
1660652496630252800
1660652496680291584
1660652496730679808
1660652496780485376
1660652496830515712
1660652496881053440
1660652496930139648
1660652496980907008
1660652497030339584
1660652497080772096
1660652497130414848
1660652497180846336
1660652497231173120
1660652497280974336
1660652497330774272
1660652497380829696
1660652497430552832
1660652497481325056
1660652497531096320
1660652497580804352
1660652497630771968
1660652497681205504
1660652497730800128
1660652497780938496
1660652497830710528
1660652497881210624
1660652497933277440
1660652497981700352
1660652498031322112
1660652498081194240
1660652498131760896
1660652498181245184
1660652498231249408
1660652498281353216
1660652498331208960
1660652498381541376
1660652498431259392
1660652498482059520
1660652498531226368
1660652498582482176
1660652498631679744
1660652498681548288
1660652498731588608
1660652498781415936
1660652498831800064
1660652498881585408
1660652498931668480
1660652498982075648
1660652499031760128
1660652499082179072
1660652499131843072
1660652499182642944
1660652499232217600
1660652499282400000
1660652499331771648
1660652499382123008
1660652499432138752
1660652499482295808
1660652499531873280
1660652499584701440
1660652499632541696
1660652499682707968
1660652499732179712
1660652499782456576
1660652499832230912
1660652499882574848
1660652499932527104
1660652499983673600
1660652500032514560
1660652500083104000
1660652500132304384
1660652500182587136
1660652500232970240
1660652500283265024
1660652500332385536
1660652500383189248
1660652500432552960
1660652500483922944
1660652500533083904
1660652500583612416
1660652500633347328
1660652500683170304
1660652500732844032
1660652500784308224
1660652500833090304
1660652500884367104
1660652500933115136
1660652500984009216
1660652501033128448
1660652501084211968
1660652501133515264
1660652501183801856
1660652501235798016
1660652501283946752
1660652501333506304
1660652501384098560
1660652501433569792
1660652501483997440
1660652501533570560
1660652501584919296
1660652501633819904
1660652501684806656
1660652501733441024
1660652501784202496
1660652501833714432
1660652501884406784
1660652501933876736
1660652501984414464
1660652502034319360
1660652502084335872
1660652502134137600
1660652502184523520
1660652502234252544
1660652502284946688
1660652502333901312
1660652502385175040
1660652502434286080
1660652502485951488
1660652502534030848
1660652502585242112
1660652502634204672
1660652502685056512
1660652502734453504
1660652502784808448
1660652502834882048
1660652502887019776
1660652502934484224
1660652502985583872
1660652503034972160
1660652503085159168
1660652503134636032
1660652503185057280
1660652503235082752
1660652503285450240
1660652503335337728
1660652503385656064
1660652503434973696
1660652503485492224
1660652503535190784
1660652503585436160
1660652503635480064
1660652503685099264
1660652503735187968
1660652503785501440
1660652503835362816
1660652503885571584
1660652503935110400
1660652503985655296
1660652504035803648
1660652504086020864
1660652504135337216
1660652504186244608
1660652504235800320
1660652504286326016
1660652504336437504
1660652504385952512
1660652504435813632
1660652504486005248
1660652504538368512
1660652504586468096
1660652504636048896
1660652504687115008
1660652504735828480
1660652504786232832
1660652504836045824
1660652504886323456
1660652504936067072
1660652504986452480
1660652505036114944
1660652505087124224
1660652505137285888
1660652505187182336
1660652505236762368
1660652505287530752
1660652505337076224
1660652505386947072
1660652505436505600
1660652505487933440
1660652505536419584
1660652505587683840
1660652505636703232
1660652505687223808
1660652505736687616
1660652505787344896
1660652505836702208
1660652505887397120
1660652505937203968
1660652505987482112
1660652506036874496
1660652506088821760
1660652506137475840
1660652506190551040
1660652506236948480
1660652506288671744
1660652506336807168
1660652506387881728
1660652506437061888
1660652506487592960
1660652506537061376
1660652506588354560
1660652506637206784
1660652506687637760
1660652506738017024
1660652506787727872
1660652506837385216
1660652506888315136
1660652506937804544
1660652506988641024
1660652507037420544
1660652507089330688
1660652507137510656
1660652507188125952
1660652507237464576
1660652507288112384
1660652507337496832
1660652507388242432
1660652507437951488
1660652507488397312
1660652507538667520
1660652507588584704
1660652507637707520
1660652507688243712
1660652507737798656
1660652507788437248
1660652507839477760
1660652507889126912
1660652507938012160
1660652507988512000
1660652508038044160
1660652508089101056
1660652508138118656
1660652508189079296
1660652508238223360
1660652508288632832
1660652508338765056
1660652508389208064
1660652508438749184
1660652508488878080
1660652508539005184
1660652508590147328
1660652508639325696
1660652508689689088
1660652508738701056
1660652508788829440
1660652508839116032
1660652508889439488
1660652508938990848
1660652508989929984
1660652509039592960
1660652509089292032
1660652509140242432
1660652509189381120
1660652509239335424
1660652509289304576
1660652509339279872
1660652509390051328
1660652509439547136
1660652509490583040
1660652509539329280
1660652509591974144
1660652509639546624
1660652509690038784
1660652509740009216
1660652509790582528
1660652509841127168
1660652509890352128
1660652509940492544
1660652509990577664
1660652510040107008
1660652510090562560
1660652510140415744
1660652510190734080
1660652510240193536
1660652510291249152
1660652510340003072
1660652510390110464
1660652510440155136
1660652510490447872
1660652510540004352
1660652510590577920
1660652510640368896
1660652510690891520
1660652510740514816
1660652510790190336
1660652510840128256
1660652510891500800
1660652510940355840
1660652510991464448
1660652511040457216
1660652511091295488
1660652511143013376
1660652511190598144
1660652511240442880
1660652511291784704
1660652511341055232
1660652511391542272
1660652511440567552
1660652511491447808
1660652511541124864
1660652511592112128
1660652511640996608
1660652511691838720
1660652511741146880
1660652511792115456
1660652511841201664
1660652511891773952
1660652511941254144
1660652511991168000
1660652512041281792
1660652512091680000
1660652512141214208
1660652512193070080
1660652512242058752
1660652512291560704
1660652512341634560
1660652512392480512
1660652512442602752
1660652512491980800
1660652512542178816
1660652512595291648
1660652512641564160
1660652512692017408
1660652512741507328
1660652512794101760
1660652512841631488
1660652512892859648
1660652512941952512
1660652512992630784
1660652513042464512
1660652513092863744
1660652513142315776
1660652513192250624
1660652513242016768
1660652513292239616
1660652513342163200
1660652513392574720
1660652513442016512
1660652513492446976
1660652513542096384
1660652513592214528
1660652513642379776
1660652513693067776
1660652513742023936
1660652513793154304
1660652513842927360
1660652513892981248
1660652513942640640
1660652513992510720
1660652514042525440
1660652514092594432
1660652514142470144
1660652514193221888
1660652514242318592
1660652514292501248
1660652514342522880
1660652514392902912
1660652514445382912
1660652514493787648
1660652514543168768
1660652514593462272
1660652514642935040
1660652514692934144
1660652514743646720
1660652514793089024
1660652514843546624
1660652514893394944
1660652514942941696
1660652514993632256
1660652515043188480
1660652515093527040
1660652515142968832
1660652515193163008
1660652515243101952
1660652515294204928
1660652515343778560
1660652515394351104
1660652515443433984
1660652515493982208
1660652515543692032
1660652515593780480
1660652515643657216
1660652515694646272
1660652515744035840
1660652515793805056
1660652515843619584
1660652515893796096
1660652515943782656
1660652515996251392
1660652516043941376
1660652516095099904
1660652516144614144
1660652516195267840
1660652516244288768
1660652516294150400
1660652516344143104
1660652516394246912
1660652516444082944
1660652516495484416
1660652516544681728
1660652516594573568
1660652516644312576
1660652516694668288
1660652516744474368
1660652516795105024
1660652516844562944
1660652516894774272
1660652516945193984
1660652516995383808
1660652517044891136
1660652517095136000
1660652517144670976
1660652517195391488
1660652517245218560
1660652517295703296
1660652517344877312
1660652517395397632
1660652517445133056
1660652517495350016
1660652517545187072
1660652517595608576
1660652517650589696
1660652517695421184
1660652517745648896
1660652517795168000
1660652517845408512
1660652517895205632
1660652517945282816
1660652517996070656
1660652518046085632
1660652518096240896
1660652518145694976
1660652518195723264
1660652518245649408
1660652518295938816
1660652518345623296
1660652518395981312
1660652518445765120
1660652518496269568
1660652518546430976
1660652518596254208
1660652518645966080
1660652518695962624
1660652518746193920
1660652518796212224
1660652518846241024
1660652518897136384
1660652518946117888
1660652518996043776
1660652519046047488
1660652519096137472
1660652519146132736
1660652519198866944
1660652519246119424
1660652519296706304
1660652519347046400
1660652519396614144
1660652519446628608
1660652519496876800
1660652519546730752
1660652519596539392
1660652519646881280
1660652519696706048
1660652519746875136
1660652519796570624
1660652519846393856
1660652519896674816
1660652519946756608
1660652519997150976
1660652520047437568
1660652520098512384
1660652520148126464
1660652520197179136
1660652520246876160
1660652520296814848
1660652520347046400
1660652520397313536
1660652520447136768
1660652520497756416
1660652520547293696
1660652520596952576
1660652520647220736
1660652520697032192
1660652520747036928
1660652520797395712
1660652520849982720
1660652520898424064
1660652520947428608
1660652520997494784
1660652521047251456
1660652521097483776
1660652521147620096
1660652521198035712
1660652521247675648
1660652521297597696
1660652521347949824
1660652521398035968
1660652521447622912
1660652521497969664
1660652521547884288
1660652521597915136
1660652521648416512
1660652521698896896
1660652521749021696
1660652521798321152
1660652521848013824
1660652521898457856
1660652521948302848
1660652521998638592
1660652522048285952
1660652522098146304
1660652522148258304
1660652522198208512
1660652522248428544
1660652522298280448
1660652522348238848
1660652522401093632
1660652522449225216
1660652522498778880
1660652522548486912
1660652522598677760
1660652522649110784
1660652522698837248
1660652522749521664
1660652522799147008
1660652522849050112
1660652522898835456
1660652522948725248
1660652522998863872
1660652523048881152
1660652523099614208
1660652523148824832
1660652523199159808
1660652523249469184
1660652523299584000
1660652523349206784
1660652523399807232
1660652523450076416
1660652523499669760
1660652523549508352
1660652523599933440
1660652523649277696
1660652523699152896
1660652523749488896
1660652523800357888
1660652523849245952
1660652523900033280
1660652523951475200
1660652523999655168
1660652524053328640
1660652524099976192
1660652524149513728
1660652524199854080
1660652524250315008
1660652524299835392
1660652524349760000
1660652524400153088
1660652524449825024
1660652524500164096
1660652524550061824
1660652524600345856
1660652524650035712
1660652524700288256
1660652524750207232
1660652524800508928
1660652524851179520
1660652524900556800
1660652524950391552
1660652525001045248
1660652525051446016
1660652525100408832
1660652525150485504
1660652525200561920
1660652525250537472
1660652525300355072
1660652525350808576
1660652525400935936
1660652525450864128
1660652525501116928
1660652525551445504
1660652525603018752
1660652525651300864
1660652525701507840
1660652525751588096
1660652525800848128
1660652525851090176
1660652525900806912
1660652525951249920
1660652526000808192
1660652526051152128
1660652526101072896
1660652526151116288
1660652526201042432
1660652526251123968
1660652526301138176
1660652526351674368
1660652526401276928
1660652526451464704
1660652526501844224
1660652526551640832
1660652526602031104
1660652526652212992
1660652526701523968
1660652526751982336
1660652526801752064
1660652526851959552
1660652526901641984
1660652526951660032
1660652527001938688
1660652527051767296
1660652527102063360
1660652527152547840
1660652527202266880
1660652527254689536
1660652527301973504
1660652527352351232
1660652527402460672
1660652527452322304
1660652527502470144
1660652527552163840
1660652527602269696
1660652527652528640
1660652527702287616
1660652527752469248
1660652527802723072
1660652527854127104
1660652527902669824
1660652527952567040
1660652528002845440
1660652528052380672
1660652528102698752
1660652528152562176
1660652528202748672
1660652528253624320
1660652528303152896
1660652528352828416
1660652528402843648
1660652528452947712
1660652528503324928
1660652528553272320
1660652528603133440
1660652528652784896
1660652528703393792
1660652528753440768
1660652528805198848
1660652528853311744
1660652528903454464
1660652528953425664
1660652529003556352
1660652529053624064
1660652529103862528
1660652529153282560
1660652529203600896
1660652529253525248
1660652529303456256
1660652529353441024
1660652529403880192
1660652529453591040
1660652529503693312
1660652529553675520
1660652529603705088
1660652529653993216
1660652529703901440
1660652529753914624
1660652529805341184
1660652529853749760
1660652529904471296
1660652529953813248
1660652530003869696
1660652530054004224
1660652530104182272
1660652530154051328
1660652530204384000
1660652530254386688
1660652530304110592
1660652530354286336
1660652530404067072
1660652530456552448
1660652530504038144
1660652530554079744
1660652530604225024
1660652530654438656
1660652530704697344
1660652530754420736
1660652530804379904
1660652530854553856
1660652530904713984
1660652530954492160
1660652531004489984
1660652531054612992
1660652531104432640
1660652531154976256
1660652531204560896
1660652531254740224
1660652531304564992
1660652531355218176
1660652531404608256
1660652531454742272
1660652531504719104
1660652531555076864
1660652531604887040
1660652531655025152
1660652531704834816
1660652531755021568
1660652531804996352
1660652531855518976
1660652531904976384
1660652531955316480
1660652532005100032
1660652532055479808
1660652532108853504
1660652532155587840
1660652532206201600
1660652532255456256
1660652532305445376
1660652532355628800
1660652532405345792
1660652532455693568
1660652532506051328
1660652532555756032
1660652532605844992
1660652532656182784
1660652532706047488
1660652532755628544
1660652532805819392
1660652532856092672
1660652532906219008
1660652532956602880
1660652533006694912
1660652533056361216
1660652533106046720
1660652533157831168
1660652533206494976
1660652533256617984
1660652533306199040
1660652533356096512
1660652533406063872
1660652533456554752
1660652533506447872
1660652533557716480
1660652533606795008
1660652533656531712
1660652533706985984
1660652533759178496
1660652533807468544
1660652533856557312
1660652533906536960
1660652533956886528
1660652534006641664
1660652534056579584
1660652534107356416
1660652534156715776
1660652534207250176
1660652534259044096
1660652534307537664
1660652534358824704
1660652534407994112
1660652534457070080
1660652534507250688
1660652534559139584
1660652534607142144
1660652534657257216
1660652534707462912
1660652534757485568
1660652534807792384
1660652534857633536
1660652534907878912
1660652534957410304
1660652535007442944
1660652535058196992
1660652535107327488
1660652535157368832
1660652535207773696
1660652535257664512
1660652535310325504
1660652535358036224
1660652535408732416
1660652535458668032
1660652535507724800
1660652535557990912
1660652535607883520
1660652535659156480
1660652535708401152
1660652535759623168
1660652535808752128
1660652535858597120
1660652535908600576
1660652535958494976
1660652536008522496
1660652536058226688
1660652536108427776
1660652536158755584
1660652536209028864
1660652536258647808
1660652536308479744
1660652536358517760
1660652536408716032
1660652536458629888
1660652536508566528
1660652536558709760
1660652536609036032
1660652536658920448
1660652536708803072
1660652536758821376
1660652536808965120
1660652536859323648
1660652536908951808
1660652536961529600
1660652537009069312
1660652537058947072
1660652537108899584
1660652537159202048
1660652537209263616
1660652537258937088
1660652537309186560
1660652537360030208
1660652537409165312
1660652537459217664
1660652537509386240
1660652537559202048
1660652537609088512
1660652537659464960
1660652537709643520
1660652537759913472
1660652537809822464
1660652537859573248
1660652537909615872
1660652537959623424
1660652538009419520
1660652538061334016
1660652538109497088
1660652538159767808
1660652538209619456
1660652538259763456
1660652538309679616
1660652538359882752
1660652538410277632
1660652538460568064
1660652538510199552
1660652538559851008
1660652538612502784
1660652538660143360
1660652538710067968
1660652538759862528
1660652538810247424
1660652538861529600
1660652538911308800
1660652538960865792
1660652539010052608
1660652539060110848
1660652539110093312
1660652539160234752
1660652539210390784
1660652539260622080
1660652539311096576
1660652539360734720
1660652539410851072
1660652539460705792
1660652539510732544
1660652539560560896
1660652539610747136
1660652539660661504
1660652539710566912
1660652539761011712
1660652539811042304
1660652539860715776
1660652539910871552
1660652539960718592
1660652540011127552
1660652540061524480
1660652540111612416
1660652540161121536
1660652540211097856
1660652540261325312
1660652540311235072
1660652540365125632
1660652540411889152
1660652540461129472
1660652540511690752
1660652540561528320
1660652540611678464
1660652540661277440
1660652540711455488
1660652540761463296
1660652540811562240
1660652540861776384
1660652540912037120
1660652540961873152
1660652541011857152
1660652541061968384
1660652541112168704
1660652541161794816
1660652541212098048
1660652541262628096
1660652541311816448
1660652541362201856
1660652541412182016
1660652541461914624
1660652541511954432
1660652541562021888
1660652541612258048
1660652541662190592
1660652541712185088
1660652541762267648
1660652541812471296
1660652541862618112
1660652541912428032
1660652541962549504
1660652542014886400
1660652542063430400
1660652542112707840
1660652542163167744
1660652542212790016
1660652542263162880
1660652542312650496
1660652542363799552
1660652542412580864
1660652542462831104
1660652542513347328
1660652542563111680
1660652542613185280
1660652542663369728
1660652542713318400
1660652542763336192
1660652542813057280
1660652542863637248
1660652542913127936
1660652542963421952
1660652543013425152
1660652543063367936
1660652543113326848
1660652543163237120
1660652543213148416
1660652543263805440
1660652543313646080
1660652543363556352
1660652543413649408
1660652543463739392
1660652543513950976
1660652543563529216
1660652543613559552
1660652543665945088
1660652543713631232
1660652543763830528
1660652543813625344
1660652543863694336
1660652543913718528
1660652543964562944
1660652544014449664
1660652544063984384
1660652544114389504
1660652544164295168
1660652544213937152
1660652544263977984
1660652544313967872
1660652544364133376
1660652544414283520
1660652544464749568
1660652544514189824
1660652544564886272
1660652544614232576
1660652544664283648
1660652544714424576
1660652544764509952
1660652544815242752
1660652544864534784
1660652544914698496
1660652544964597248
1660652545014566912
1660652545064549632
1660652545114648320
1660652545164600064
1660652545214775552
1660652545265047808
1660652545316978432
1660652545364905472
1660652545414864128
1660652545465243648
1660652545515200768
1660652545565217536
1660652545615634688
1660652545665386496
1660652545715244288
1660652545765234944
1660652545815494144
1660652545865356800
1660652545915247104
1660652545965288704
1660652546015565312
1660652546065351680
1660652546115507712
1660652546165530112
1660652546215462912
1660652546265585408
1660652546315558912
1660652546365549056
1660652546415985408
1660652546466585856
1660652546515778816
1660652546565795584
1660652546615688192
1660652546665725952
1660652546715846144
1660652546766054656
1660652546815983872
1660652546866110208
1660652546915990016
1660652546968401408
1660652547016050944
1660652547065929216
1660652547115963904
1660652547166081280
1660652547216292608
1660652547266565632
1660652547316392704
1660652547366593792
1660652547416039680
1660652547466231040
1660652547516155136
1660652547566165248
1660652547616307712
1660652547667048704
1660652547716224256
1660652547766457856
1660652547816667904
1660652547866532096
1660652547916568832
1660652547966901248
1660652548016726528
1660652548066980864
1660652548116919296
1660652548167024640
1660652548216581888
1660652548267038976
1660652548316990720
1660652548367798016
1660652548416917504
1660652548467069440
1660652548517189632
1660652548566958336
1660652548622350592
1660652548667459328
1660652548717093120
1660652548767556096
1660652548817637120
1660652548867474432
1660652548917606656
1660652548967695872
1660652549017520384
1660652549067722496
1660652549117392896
1660652549167800576
1660652549217753856
1660652549267713024
1660652549317756416
1660652549367791616
1660652549417981952
1660652549467778048
1660652549517660928
1660652549567899136
1660652549617786112
1660652549667829760
1660652549717755648
1660652549767923456
1660652549818107392
1660652549868164096
1660652549918287872
1660652549968451328
1660652550018302464
1660652550068118016
1660652550118049792
1660652550168077824
1660652550218221312
1660652550270813696
1660652550318085632
1660652550368478720
1660652550418809856
1660652550468966400
1660652550518538240
1660652550568385536
1660652550618496512
1660652550668681472
1660652550718428160
1660652550769068544
1660652550818738688
1660652550868583680
1660652550918939648
1660652550968946944
1660652551019001856
1660652551068715520
1660652551119106816
1660652551169086720
1660652551219158528
1660652551269302528
1660652551319887872
1660652551369236736
1660652551419410688
1660652551469174272
1660652551519401984
1660652551569172224
1660652551619402496
1660652551669299712
1660652551719526912
1660652551769419776
1660652551821709824
1660652551869356032
1660652551919896064
1660652551969559040
1660652552019617024
1660652552069577216
1660652552119712512
1660652552169741312
1660652552220695040
1660652552270147840
1660652552319721216
1660652552370114048
1660652552420093952
1660652552469672192
1660652552519841792
1660652552570147584
1660652552620211968
1660652552670425856
1660652552720913920
1660652552770380800
1660652552820090368
1660652552870266880
1660652552920487424
1660652552970489600
1660652553020723200
1660652553071677184
1660652553120746240
1660652553170778112
1660652553220549120
1660652553270746624
1660652553320851456
1660652553371074560
1660652553421041408
1660652553473256192
1660652553520980992
1660652553571453184
1660652553621109248
1660652553670803200
1660652553721038592
1660652553770938880
1660652553820920064
1660652553871425536
1660652553921049344
1660652553971224320
1660652554021026048
1660652554071135488
1660652554121034496
1660652554171380480
1660652554220935424
1660652554271130368
1660652554322095360
1660652554371353600
1660652554421079808
1660652554471638528
1660652554521712384
1660652554571359232
1660652554621489920
1660652554671665920
1660652554721352448
1660652554771594240
1660652554821386496
1660652554871622656
1660652554921553664
1660652554971852800
1660652555021850624
1660652555071575296
1660652555124150528
1660652555171708416
1660652555221971712
1660652555271853056
1660652555321816320
1660652555371756544
1660652555421901312
1660652555472205056
1660652555522496768
1660652555571848448
1660652555621859072
1660652555672124672
1660652555721954560
1660652555772229632
1660652555822331648
1660652555872306944
1660652555922463488
1660652555972406272
1660652556022517248
1660652556072556288
1660652556122488832
1660652556172310272
1660652556222681600
1660652556272498432
1660652556322643712
1660652556372651776
1660652556422793728
1660652556472698368
1660652556522815232
1660652556572829696
1660652556622979840
1660652556672712192
1660652556722749184
1660652556775473408
1660652556823207168
1660652556872977664
1660652556923363072
1660652556972962816
1660652557022958080
1660652557073185280
1660652557123428096
1660652557173381888
1660652557223306496
1660652557273585152
1660652557323555072
1660652557374499328
1660652557423669248
1660652557473552384
1660652557523641088
1660652557574752768
1660652557624021248
1660652557673623808
1660652557723727104
1660652557774159872
1660652557823655936
1660652557873955072
1660652557923987968
1660652557973917696
1660652558023967488
1660652558074251520
1660652558124135424
1660652558174082560
1660652558225277184
1660652558273866240
1660652558326261760
1660652558374504960
1660652558424801024
1660652558474537472
1660652558524315904
1660652558574360576
1660652558624679936
1660652558675078912
1660652558724661248
1660652558774967552
1660652558824773632
1660652558875034368
1660652558924575232
1660652558974895360
1660652559025341184
1660652559074737408
1660652559124823552
1660652559175214080
1660652559225048576
1660652559275758592
1660652559325029120
1660652559375627520
1660652559424872960
1660652559475606784
1660652559524999936
1660652559575480320
1660652559625009408
1660652559675682560
1660652559725394944
1660652559775988224
1660652559826006528
1660652559875467008
1660652559925336320
1660652559977720576
1660652560026049792
1660652560076098304
1660652560125614336
1660652560176259072
1660652560225726464
1660652560276393472
1660652560325558528
1660652560375812352
1660652560425758720
1660652560476380928
1660652560525894912
1660652560576119296
1660652560626190080
1660652560676710656
1660652560726251776
1660652560776421632
1660652560826467328
1660652560876721152
1660652560925853952
1660652560976999936
1660652561025983744
1660652561076582144
1660652561126057984
1660652561176935168
1660652561225910528
1660652561276541952
1660652561326157312
1660652561376495616
1660652561429116672
1660652561476826112
1660652561526762752
1660652561577031168
1660652561626553088
1660652561676599552
1660652561726549248
1660652561777164032
1660652561826562816
1660652561876717568
1660652561926780416
1660652561977157888
1660652562026505984
1660652562077702912
1660652562127321856
1660652562176993536
1660652562226989056
1660652562277199360
1660652562326795776
1660652562377136384
1660652562426772480
1660652562477336064
1660652562527086848
1660652562578312448
1660652562627302144
1660652562677851648
1660652562727313920
1660652562777305344
1660652562827111424
1660652562877595136
1660652562927772928
1660652562977680640
1660652563028259584
1660652563082741248
1660652563128203520
1660652563178426368
1660652563227623168
1660652563277552896
1660652563327597056
1660652563377904128
1660652563427795456
1660652563478169344
1660652563527618048
1660652563578748672
1660652563627717888
1660652563678067200
1660652563728004864
1660652563778322432
1660652563827769344
1660652563879048704
1660652563928825600
1660652563978374400
1660652564028062720
1660652564079026688
1660652564128003072
1660652564178341376
1660652564228458752
1660652564278601472
1660652564328567296
1660652564379997952
1660652564428312832
1660652564478451456
1660652564528757760
1660652564579015168
1660652564630940672
1660652564678798336
1660652564728624896
1660652564778928640
1660652564828577792
1660652564880081408
1660652564928570368
1660652564980213248
1660652565028845056
1660652565079417344
1660652565129064192
1660652565179373056
1660652565229251840
1660652565279218176
1660652565329744128
1660652565379738624
1660652565429185024
1660652565480157952
1660652565529192192
1660652565579733504
1660652565629404672
1660652565680490240
1660652565729441280
1660652565780043776
1660652565829312000
1660652565879960320
1660652565929637376
1660652565980700672
1660652566029351168
1660652566080066816
1660652566130629888
1660652566180188160
1660652566229697792
1660652566280435968
1660652566330311680
1660652566383780096
1660652566429809920
1660652566480682496
1660652566529981696
1660652566580375296
1660652566630050048
1660652566680550400
1660652566730192128
1660652566780941312
1660652566831049472
1660652566880840192
1660652566930815744
1660652566980803328
1660652567030333440
1660652567081003008
1660652567131029248
1660652567180517376
1660652567230681600
1660652567282127360
1660652567330651648
1660652567381571072
1660652567430710528
1660652567481177600
1660652567530692096
1660652567581184256
1660652567631166720
1660652567680963584
1660652567731358720
1660652567781291264
1660652567831351040
1660652567881143040
1660652567933554688
1660652567981551872
1660652568030858496
1660652568081896448
1660652568131062016
1660652568182029056
1660652568231294208
1660652568281255424
1660652568331225344
1660652568381982720
1660652568431931136
1660652568481405696
1660652568531888640
1660652568581430016
1660652568631269888
1660652568682009856
1660652568731511040
1660652568781986048
1660652568831509248
1660652568882284544
1660652568931554816
1660652568982141952
1660652569031677440
1660652569082698496
1660652569131914496
1660652569181986816
1660652569232223488
1660652569282353664
1660652569331806208
1660652569382156800
1660652569432280832
1660652569482207744
1660652569532392960
1660652569583515904
1660652569632149504
1660652569684687360
1660652569732036352
1660652569782651392
1660652569832038912
1660652569882882048
1660652569932290304
1660652569982651136
1660652570033177088
1660652570083038720
1660652570132653056
1660652570183094528
1660652570233035008
1660652570283090944
1660652570332569088
1660652570384121344
1660652570432829952
1660652570483428096
1660652570532876800
1660652570583282176
1660652570632845312
1660652570683560704
1660652570733258752
1660652570783528960
1660652570833924352
1660652570884151552
1660652570933247232
1660652570983896832
1660652571033717504
1660652571084175872
1660652571133134080
1660652571184069376
1660652571233254912
1660652571284764928
1660652571338380544
1660652571384276736
1660652571433319168
1660652571484205824
1660652571533181952
1660652571583960832
1660652571634183168
1660652571684716800
1660652571733918720
1660652571784941056
1660652571834427648
1660652571884197376
1660652571933617152
1660652571984482816
1660652572033854464
1660652572084836352
1660652572133958400
1660652572184242176
1660652572233755648
1660652572284561152
1660652572334592000
1660652572384313088
1660652572434965760
1660652572484514304
1660652572534283008
1660652572584516608
1660652572634563328
1660652572685564928
1660652572734700288
1660652572784803072
1660652572834462976
1660652572887588352
1660652572934230272
1660652572984783104
1660652573034237696
1660652573085157632
1660652573134752000
1660652573184865792
1660652573235422976
1660652573285375232
1660652573334683648
1660652573385099520
1660652573434966272
1660652573486225664
1660652573534855680
1660652573585544960
1660652573634858240
1660652573685589504
1660652573735137280
1660652573785336576
1660652573834978560
1660652573885683712
1660652573935790592
1660652573985471488
1660652574035942656
1660652574085889536
1660652574135764736
1660652574186144512
1660652574235617536
1660652574286671360
1660652574335759872
1660652574386631680
1660652574435565824
1660652574486109440
1660652574537901312
1660652574586219264
1660652574636038400
1660652574686469632
1660652574736173312
1660652574786268160
1660652574836229632
1660652574886023168
1660652574935905024
1660652574986342144
1660652575036746496
1660652575087822080
1660652575136517632
1660652575186276096
1660652575235988480
1660652575287265024
1660652575336576512
1660652575386690048
1660652575436514560
1660652575486670848
1660652575536794624
1660652575587415296
1660652575636961792
1660652575687243520
1660652575736415744
1660652575787146752
1660652575837040384
1660652575887349248
1660652575936976128
1660652575987818240
1660652576036956672
1660652576089125888
1660652576137256704
1660652576188303616
1660652576237130752
1660652576288162816
1660652576337513216
1660652576387428352
1660652576438757120
1660652576487737856
1660652576537575680
1660652576587844096
1660652576636964096
1660652576688072192
1660652576737232128
1660652576788219136
1660652576837385984
1660652576888179200
1660652576937619712
1660652576988616448
1660652577037448192
1660652577088524800
1660652577138802432
1660652577188915712
1660652577237697280
1660652577288607744
1660652577338610688
1660652577388194560
1660652577437966336
1660652577488527616
1660652577537898496
1660652577588947200
1660652577637847808
1660652577688441344
1660652577740451584
1660652577788810752
1660652577838380800
1660652577890003456
1660652577939667456
1660652577989249536
1660652578038254080
1660652578088640512
1660652578139927808
1660652578189174016
1660652578238567680
1660652578289364480
1660652578338464000
1660652578388694272
1660652578438546176
1660652578489135104
1660652578538267904
1660652578590141184
1660652578638557440
1660652578689911040
1660652578739273728
1660652578789167872
1660652578838695424
1660652578889250304
1660652578939521024
1660652578988974848
1660652579039184128
1660652579089991936
1660652579138892800
1660652579189325824
1660652579238937088
1660652579289954560
1660652579339225344
1660652579391869184
1660652579439181312
1660652579489516032
1660652579539503872
1660652579589822976
1660652579639542272
1660652579689943296
1660652579739890688
1660652579791142400
1660652579839204608
1660652579890196992
1660652579939307008
1660652579989627392
1660652580039494912
1660652580089865728
1660652580139739136
1660652580191170560
1660652580240017920
1660652580290300416
1660652580340039936
1660652580389844224
1660652580439719424
1660652580490983424
1660652580540331264
1660652580591265024
1660652580640005376
1660652580691048448
1660652580740186368
1660652580790051328
1660652580840330496
1660652580890564608
1660652580940063744
1660652580992185856
1660652581043499008
1660652581090813184
1660652581140535040
1660652581190798592
1660652581240534272
1660652581290959360
1660652581340653056
1660652581391735296
1660652581440883712
1660652581492168448
1660652581541043456
1660652581590963968
1660652581640856064
1660652581691645184
1660652581741018112
1660652581792386048
1660652581841645056
1660652581891807488
1660652581941336576
1660652581991685888
1660652582041573120
1660652582091531776
1660652582141291520
1660652582191574528
1660652582241349120
1660652582291338240
1660652582341441536
1660652582392467456
1660652582441527040
1660652582492084480
1660652582541319424
1660652582592226048
1660652582643253760
1660652582693319936
1660652582741579776
1660652582792205824
1660652582841946624
1660652582892191744
1660652582942522112
1660652582992997120
1660652583041866496
1660652583091763712
1660652583142148352
1660652583192041728
1660652583242109440
1660652583293157632
1660652583342193408
1660652583393962240
1660652583443478016
1660652583493773568
1660652583542237952
1660652583592753152
1660652583642892032
1660652583692887552
1660652583742896128
1660652583794636032
1660652583842120960
1660652583893518080
1660652583942599680
1660652583993356288
1660652584042542336
1660652584093954304
1660652584143548160
1660652584195517952
1660652584244332544
1660652584293401856
1660652584344839168
1660652584393337856
1660652584443741696
1660652584493710592
1660652584543766528
1660652584594191360
1660652584642936832
1660652584693130496
1660652584743198208
1660652584793273600
1660652584843297792
1660652584893844224
1660652584943628288
1660652584994005504
1660652585043636992
1660652585093659392
1660652585143314432
1660652585193649920
1660652585244136960
1660652585293872640
1660652585343489792
1660652585394241792
1660652585443648768
1660652585493971200
1660652585543636224
1660652585593416192
1660652585643420416
1660652585693697024
1660652585744094464
1660652585794935040
1660652585844368384
1660652585895966720
1660652585944103424
1660652585993780480
1660652586044469760
1660652586095553280
1660652586143745792
1660652586194335744
1660652586244069120
1660652586293948672
1660652586344127744
1660652586394179584
1660652586444300544
1660652586494481920
1660652586544715008
1660652586595354368
1660652586644946944
1660652586694422784
1660652586744479744
1660652586794396416
1660652586844637184
1660652586895142144
1660652586944640000
1660652586994536192
1660652587044693760
1660652587094819072
1660652587145002752
1660652587194549760
1660652587244549376
1660652587295185408
1660652587345293056
1660652587395136512
1660652587444893440
1660652587495079680
1660652587547658496
1660652587595149824
1660652587645252608
1660652587695258368
1660652587745121536
1660652587795428096
1660652587844989440
1660652587895309824
1660652587945425920
1660652587995726336
1660652588045332992
1660652588095742720
1660652588147135744
1660652588196326400
1660652588245404416
1660652588295283968
1660652588345214976
1660652588395616768
1660652588445584128
1660652588495680256
1660652588545614848
1660652588595706368
1660652588645943808
1660652588695773440
1660652588745638400
1660652588796271104
1660652588846036480
1660652588896182528
1660652588946493440
1660652588996118784
1660652589046134528
1660652589095953408
1660652589146166784
1660652589199076096
1660652589246481920
1660652589296197632
1660652589346196992
1660652589396087296
1660652589446628352
1660652589496425472
1660652589546550272
1660652589596496640
1660652589647205120
1660652589697167104
1660652589747161856
1660652589796576000
1660652589846747904
1660652589896320768
1660652589947037696
1660652589996487424
1660652590047425536
1660652590096941056
1660652590146860544
1660652590197078784
1660652590247148032
1660652590297048576
1660652590347354880
1660652590396926208
1660652590447711488
1660652590497416704
1660652590548386560
1660652590597337344
1660652590647700224
1660652590697409792
1660652590748044288
1660652590797461504
1660652590849623552
1660652590897560064
1660652590947574016
1660652590997626624
1660652591047685120
1660652591097635328
1660652591147716352
1660652591197772544
1660652591248504832
1660652591297765376
1660652591348244480
1660652591397619968
1660652591447957504
1660652591498493952
1660652591549013504
1660652591598260224
1660652591648251392
1660652591698054656
1660652591748129536
1660652591798161152
1660652591847965696
1660652591898057984
1660652591948293376
1660652591998363904
1660652592048299776
1660652592098198016
1660652592148328192
1660652592199114752
1660652592248636416
1660652592298406656
1660652592349408512
1660652592398384640
1660652592448474368
1660652592500747008
1660652592548491776
1660652592598656256
1660652592648413952
1660652592698472192
1660652592748608768
1660652592798447360
1660652592848703488
1660652592898509824
1660652592948843264
1660652592999095552
1660652593049086464
1660652593098979328
1660652593149668352
1660652593199874560
1660652593249050880
1660652593299174912
1660652593348997120
1660652593399381760
1660652593449182976
1660652593499604480
1660652593549045248
1660652593599413248
1660652593649279744
1660652593699385344
1660652593749560832
1660652593799452672
1660652593849321984
1660652593899931136
1660652593949853696
1660652594000070912
1660652594049389312
1660652594099593728
1660652594152442624
1660652594200223488
1660652594250113536
1660652594300112640
1660652594349730304
1660652594399681280
1660652594450609664
1660652594500297984
1660652594550350848
1660652594599919360
1660652594650264832
1660652594700121856
1660652594750712320
1660652594800441856
1660652594850155008
1660652594900708096
1660652594950329344
1660652595000430336
1660652595050475520
1660652595100405760
1660652595150398208
1660652595200659456
1660652595251106304
1660652595300580864
1660652595350559232
1660652595400560640
1660652595450934784
1660652595500938496
1660652595550789632
1660652595601357312
1660652595650990080
1660652595701015552
1660652595750832896
1660652595801236736
1660652595851048448
1660652595903600128
1660652595951113472
1660652596001106432
1660652596050937088
1660652596101073152
1660652596151141376
1660652596201143808
1660652596251889664
1660652596301201920
1660652596351536128
1660652596401182976
1660652596451323136
1660652596501415936
1660652596551200512
1660652596601276416
1660652596651336192
1660652596701551616
1660652596751732480
1660652596801359872
1660652596852076032
1660652596901671680
1660652596951665408
1660652597001572864
1660652597051576832
1660652597101563648
1660652597151939072
1660652597202066944
1660652597251911168
1660652597302435072
1660652597351750912
1660652597401689344
1660652597454556928
1660652597501836800
1660652597552102400
1660652597602170624
1660652597651952128
1660652597701916928
1660652597752633344
1660652597802109952
1660652597853173504
1660652597902543872
1660652597952179200
1660652598002178560
1660652598052366080
1660652598102374912
1660652598152700928
1660652598202718208
1660652598252459776
1660652598302917120
1660652598352526592
1660652598402955264
1660652598453044992
1660652598503205632
1660652598553209600
1660652598603145728
1660652598653232384
1660652598703657984
1660652598752978176
1660652598803030272
1660652598853040640
1660652598902990848
1660652598953013504
1660652599002982656
1660652599053324544
1660652599105397248
1660652599153408512
1660652599203630080
1660652599253350656
1660652599303672832
1660652599353684480
1660652599403360512
1660652599453426688
1660652599503646464
1660652599553522688
1660652599603424512
1660652599653464832
1660652599703782400
1660652599753562624
1660652599803649536
1660652599853882624
1660652599904071424
1660652599954337024
1660652600003883776
1660652600053775872
1660652600103770880
1660652600154516736
1660652600204471808
1660652600254044160
1660652600304412928
1660652600354032384
1660652600404328960
1660652600454263040
1660652600504367616
1660652600554101504
1660652600604473344
1660652600654060288
1660652600704588032
1660652600757415680
1660652600804500480
1660652600854544896
1660652600904770048
1660652600955240192
1660652601004644864
1660652601054785024
1660652601105371904
1660652601154912000
1660652601204915456
1660652601255126784
1660652601305074944
1660652601355214848
1660652601405130752
1660652601455447296
1660652601505083392
1660652601555639296
1660652601604932864
1660652601655496448
1660652601705353984
1660652601756195328
1660652601805149440
1660652601855318528
1660652601905464832
1660652601955584256
1660652602005654272
1660652602055529472
1660652602105774080
1660652602155394816
1660652602205631488
1660652602255660032
1660652602305564672
1660652602355529984
1660652602408280832
1660652602455658240
1660652602505688832
1660652602556335616
1660652602606010112
1660652602656036096
1660652602706046720
1660652602755888384
1660652602805927680
1660652602855858688
1660652602906018304
1660652602955984128
1660652603006011392
1660652603056194304
1660652603105849088
1660652603156198656
1660652603206227456
1660652603256072960
1660652603306066944
1660652603356537088
1660652603406838016
1660652603456289280
1660652603506596608
1660652603556229376
1660652603606504704
1660652603656198912
1660652603706415616
1660652603756608000
1660652603806752512
1660652603856574208
1660652603906345984
1660652603956380672
1660652604006455040
1660652604059123200
1660652604106626816
1660652604157546240
1660652604207115520
1660652604256991488
1660652604307299328
1660652604357301760
1660652604406899456
1660652604456753920
1660652604506829312
1660652604557315584
1660652604606892544
1660652604656982528
1660652604707060224
1660652604757039616
1660652604807644928
1660652604857563904
1660652604907078144
1660652604957581312
1660652605007990784
1660652605057490176
1660652605108033792
1660652605157712128
1660652605207608320
1660652605257330944
1660652605307497728
1660652605358026240
1660652605407836928
1660652605457775360
1660652605507828992
1660652605557882368
1660652605608196864
1660652605657920512
1660652605710679040
1660652605758240512
1660652605808220416
1660652605858779648
1660652605908107520
1660652605958180096
1660652606008357632
1660652606058142720
1660652606108429568
1660652606158130176
1660652606209114880
1660652606258269440
1660652606308627456
1660652606358166016
1660652606408636928
1660652606458785792
1660652606509005824
1660652606559380992
1660652606608662784
1660652606658893568
1660652606709353728
1660652606759030528
1660652606808614656
1660652606858642432
1660652606908660480
1660652606959441664
1660652607008816384
1660652607059139328
1660652607109044224
1660652607159190528
1660652607209044480
1660652607259266304
1660652607309482240
1660652607361623552
1660652607409622272
1660652607459879936
1660652607509499392
1660652607559772672
1660652607609928192
1660652607659850240
1660652607709396992
1660652607759650304
1660652607809509632
1660652607859805952
1660652607909497856
1660652607959815936
1660652608009688832
1660652608060107264
1660652608110141440
1660652608160507904
1660652608210200064
1660652608259914240
1660652608309628160
1660652608360029696
1660652608409765632
1660652608460033024
1660652608509922560
1660652608560561152
1660652608610161152
1660652608660709888
1660652608710052096
1660652608760378880
1660652608810018816
1660652608860525824
1660652608912645888
1660652608961423360
1660652609010402560
1660652609060218880
1660652609110252032
1660652609160485120
1660652609210548992
1660652609260411904
1660652609310576384
1660652609360627968
1660652609410763520
1660652609460545536
1660652609510713600
1660652609560585472
1660652609610576896
1660652609660705280
1660652609711275264
1660652609760952832
1660652609811016192
1660652609860687616
1660652609910984704
1660652609960950528
1660652610010873600
1660652610061286656
1660652610111362048
1660652610161142784
1660652610211220736
1660652610260884224
1660652610311525888
1660652610361340160
1660652610411324160
1660652610461211648
1660652610511688960
1660652610566440704
1660652610611647744
1660652610661532160
1660652610711316736
1660652610761971712
1660652610811973632
1660652610861365248
1660652610911812608
1660652610961756160
1660652611011512064
1660652611061802752
1660652611111864576
1660652611161942272
1660652611211884800
1660652611261827584
1660652611312083456
1660652611362313472
1660652611412026880
1660652611461983232
1660652611512159232
1660652611561974784
1660652611612114688
1660652611662194176
1660652611711969280
1660652611762225664
1660652611812103168
1660652611862206976
1660652611912295168
1660652611962242560
1660652612012449024
1660652612062317056
1660652612112610304
1660652612163115264
1660652612215213568
1660652612262651136
1660652612312725504
1660652612362705152
1660652612412613120
1660652612462647296
1660652612512622336
1660652612562758144
1660652612612899840
1660652612663061504
1660652612712916992
1660652612763032320
1660652612812835072
1660652612862822144
1660652612913003264
1660652612963175168
1660652613013278208
1660652613063142144
1660652613113173760
1660652613163428864
1660652613213237504
1660652613263708416
1660652613313199104
1660652613363399680
1660652613413147392
1660652613463496704
1660652613513942784
1660652613563417600
1660652613613502464
1660652613663622144
1660652613713544704
1660652613765857792
1660652613813777664
1660652613863717632
1660652613913932288
1660652613963758592
1660652614013553408
1660652614065406976
1660652614113864960
1660652614164253440
1660652614213751552
1660652614263979520
1660652614313839360
1660652614364416256
1660652614414089472
1660652614464254976
1660652614514570240
1660652614564225280
1660652614614387712
1660652614664306944
1660652614715464192
1660652614764701184
1660652614814695424
1660652614865169664
1660652614914876928
1660652614964610304
1660652615015212544
1660652615064585216
1660652615114835200
1660652615164451072
1660652615215194880
1660652615264557824
1660652615317076224
1660652615364945408
1660652615415095040
1660652615464822784
1660652615515094016
1660652615565060864
1660652615615213568
1660652615665231360
1660652615715252224
1660652615765089792
1660652615815194880
1660652615865158912
1660652615915110400
1660652615965158144
1660652616016219648
1660652616065330688
1660652616115484416
1660652616165880320
1660652616215343616
1660652616265308160
1660652616315314432
1660652616365528576
1660652616415609088
1660652616465747200
1660652616515779072
1660652616565593600
1660652616615560960
1660652616665425152
1660652616715568896
1660652616765624064
1660652616815974400
1660652616865702656
1660652616915930880
1660652616968569344
1660652617016033792
1660652617065928192
1660652617116173312
1660652617166369536
1660652617216069120
1660652617266136576
1660652617316260352
1660652617366420224
1660652617416140544
1660652617466135040
1660652617516524288
1660652617566647808
1660652617617144064
1660652617666660096
1660652617716409344
1660652617767215360
1660652617816853248
1660652617867299840
1660652617916467200
1660652617967148288
1660652618016590592
1660652618066773248
1660652618116971008
1660652618166921984
1660652618217172224
1660652618267038720
1660652618316656640
1660652618366944000
1660652618417767424
1660652618467051776
1660652618517202432
1660652618567322880
1660652618619464192
1660652618667785216
1660652618717670912
1660652618767730688
1660652618817486848
1660652618867878656
1660652618917500928
1660652618967653120
1660652619017374976
1660652619067816448
1660652619117625856
1660652619167676672
1660652619217783296
1660652619268070656
1660652619318382848
1660652619368744192
1660652619418343936
1660652619467834368
1660652619517848832
1660652619568557056
1660652619617839872
1660652619668057600
1660652619717722368
1660652619767909632
1660652619817836544
1660652619868265472
1660652619917993728
1660652619967900416
1660652620018082560
1660652620068186880
1660652620118167040
1660652620168216064
1660652620218214400
1660652620271841024
1660652620319033344
1660652620368491264
1660652620418432000
1660652620468580096
1660652620518300928
1660652620568736512
1660652620618346752
1660652620668434688
1660652620718472704
1660652620768594176
1660652620818579456
1660652620868840192
1660652620918835968
1660652620968695552
1660652621018923520
1660652621068888320
1660652621118611456
1660652621168826112
1660652621218911232
1660652621268796160
1660652621319175936
1660652621369140992
1660652621419108608
1660652621469100288
1660652621519288576
1660652621569089280
1660652621619069696
1660652621669648640
1660652621719677184
1660652621769776384
1660652621819590400
1660652621869246720
1660652621922096128
1660652621969557760
1660652622019654912
1660652622069353984
1660652622119391744
1660652622169604096
1660652622219387392
1660652622269885952
1660652622320461312
1660652622369597696
1660652622419996416
1660652622469890048
1660652622519907584
1660652622570081792
1660652622619938304
1660652622670478080
1660652622719973888
1660652622770389504
1660652622820418816
1660652622870386688
1660652622920273920
1660652622970616576
1660652623020049920
1660652623070257152
1660652623120677632
1660652623170403584
1660652623220206336
1660652623270714368
1660652623320749568
1660652623370907392
1660652623420986624
1660652623471644672
1660652623520983552
1660652623574082816
1660652623621023488
1660652623671952896
1660652623720603136
1660652623771222784
1660652623821048576
1660652623871246592
1660652623921007360
1660652623971214080
1660652624020934400
1660652624071518720
1660652624120995072
1660652624171176960
1660652624221296384
1660652624271993600
1660652624320960512
1660652624371586560
1660652624421343232
1660652624471986176
1660652624521415680
1660652624571842816
1660652624621472768
1660652624672168960
1660652624722403072
1660652624772221952
1660652624822118656
1660652624872238592
1660652624922231040
1660652624972225536
1660652625022173696
1660652625072538880
1660652625124124672
1660652625172871168
1660652625221918976
1660652625272775168
1660652625321632256
1660652625372644864
1660652625421913088
1660652625472413696
1660652625522264064
1660652625572703488
1660652625623301888
1660652625672921600
1660652625722768384
1660652625772743168
1660652625822201856
1660652625873397504
1660652625922136320
1660652625972937216
1660652626022446848
1660652626072557056
1660652626122518016
1660652626173429248
1660652626222843136
1660652626273344768
1660652626322987776
1660652626372882432
1660652626422879232
1660652626472913408
1660652626522680320
1660652626573369600
1660652626622876672
1660652626673929984
1660652626723165184
1660652626775500032
1660652626822755328
1660652626873328640
1660652626922988544
1660652626973859840
1660652627023606784
1660652627073628416
1660652627123363072
1660652627173480704
1660652627223310592
1660652627274010112
1660652627323787776
1660652627373430016
