1660645752183581440
1660645752233412352
1660645752283356672
1660645752333413376
1660645752383319296
1660645752433474560
1660645752483526400
1660645752534236416
1660645752583519488
1660645752633497088
1660645752683489536
1660645752734048768
1660645752783697152
1660645752833495296
1660645752884067072
1660645752933668608
1660645752983683840
1660645753033836800
1660645753086140160
1660645753133795840
1660645753183944960
1660645753233853184
1660645753283992576
1660645753334054912
1660645753384051456
1660645753434000384
1660645753484082432
1660645753534076928
1660645753584135424
1660645753634211840
1660645753684856320
1660645753734364160
1660645753784222464
1660645753834187264
1660645753884338176
1660645753934836736
1660645753984382208
1660645754034970880
1660645754084567808
1660645754135175680
1660645754184476416
1660645754234708992
1660645754284544512
1660645754335038720
1660645754384869632
1660645754434825984
1660645754485371904
1660645754534812416
1660645754584992000
1660645754635192320
1660645754684906496
1660645754737524992
1660645754784895744
1660645754835768064
1660645754885029888
1660645754935430144
1660645754985262848
1660645755035390976
1660645755085302016
1660645755135773952
1660645755185629952
1660645755235359232
1660645755285320448
1660645755335830016
1660645755385477632
1660645755435802624
1660645755485533184
1660645755535735552
1660645755585527808
1660645755636023808
1660645755685648384
1660645755735836160
1660645755785806336
1660645755836037120
1660645755886012672
1660645755936287488
1660645755985984000
1660645756036234240
1660645756086021888
1660645756135966208
1660645756186040064
1660645756236318976
1660645756286128896
1660645756336226304
1660645756388504576
1660645756436601088
1660645756486280704
1660645756536120320
1660645756586227456
1660645756636616192
1660645756686753536
1660645756736578048
1660645756787162880
1660645756836453632
1660645756886752768
1660645756936841216
1660645756986708224
1660645757036731136
1660645757086681344
1660645757136872448
1660645757187092736
1660645757237061120
1660645757287205120
1660645757337021184
1660645757386986496
1660645757437067264
1660645757487363072
1660645757537646336
1660645757595122176
1660645757637404672
1660645757687671296
1660645757737284864
1660645757787496704
1660645757837278464
1660645757887389952
1660645757937470208
1660645757987694336
1660645758037904384
1660645758087502592
1660645758140315136
1660645758187621376
1660645758237728000
1660645758287824640
1660645758337839360
1660645758389135616
1660645758437710592
1660645758488060160
1660645758537949696
1660645758588156672
1660645758638126336
1660645758687977984
1660645758738031104
1660645758788325888
1660645758838369280
1660645758888200448
1660645758938245632
1660645758988359168
1660645759038544384
1660645759088433152
1660645759138156288
1660645759189187584
1660645759238283008
1660645759288546560
1660645759338382592
1660645759388477952
1660645759438730752
1660645759488539392
1660645759539159808
1660645759588568576
1660645759638752512
1660645759691041792
1660645759738569472
1660645759788504064
1660645759838544640
1660645759888849664
1660645759939009024
1660645759989674752
1660645760039066112
1660645760088913664
1660645760138853632
1660645760188873728
1660645760239111424
1660645760288902400
1660645760339620352
1660645760389001472
1660645760439196928
1660645760489377536
1660645760539160320
1660645760589245696
1660645760639067648
1660645760689184000
1660645760739172096
1660645760790656000
1660645760839540224
1660645760889419264
1660645760939677952
1660645760989412096
1660645761039729152
1660645761090017024
1660645761140264960
1660645761190165760
1660645761239941632
1660645761289658624
1660645761342291456
1660645761389633536
1660645761444769280
1660645761489954304
1660645761539829248
1660645761590211072
1660645761639996160
1660645761689937920
1660645761739912192
1660645761790170112
1660645761840580864
1660645761890098176
1660645761940583168
1660645761990078464
1660645762040246784
1660645762090179584
1660645762140160512
1660645762190439424
1660645762240946176
1660645762291025408
1660645762340711936
1660645762390636032
1660645762440660480
1660645762490894848
1660645762540538624
1660645762590462720
1660645762640606464
1660645762690776064
1660645762741175040
1660645762790747392
1660645762841133056
1660645762891257344
1660645762940948992
1660645762993255424
1660645763040940032
1660645763091771392
1660645763141015552
1660645763191911936
1660645763241157888
1660645763291166208
1660645763341391616
1660645763391290880
1660645763441203200
1660645763491571712
1660645763541527296
1660645763591238912
1660645763641721600
1660645763691543040
1660645763741306880
1660645763791864832
1660645763841776640
1660645763892071424
1660645763941533184
1660645763991827712
1660645764041926144
1660645764091793664
1660645764141725952
1660645764191877632
1660645764241849856
1660645764292011776
1660645764342510848
1660645764391998464
1660645764442029312
1660645764492034816
1660645764541917440
1660645764591995392
1660645764644403968
1660645764692795392
1660645764742450688
1660645764792434944
1660645764842397696
1660645764892137216
1660645764942598656
1660645764992573696
1660645765043287296
1660645765092740864
1660645765143388928
1660645765192831232
1660645765242988032
1660645765292955904
1660645765342656000
1660645765392713472
1660645765442781696
1660645765492929536
1660645765542850560
1660645765593013504
1660645765643049472
1660645765692977408
1660645765743091456
1660645765793055488
1660645765843663616
1660645765893053696
1660645765943247104
1660645765992999168
1660645766043044608
1660645766093500416
1660645766143369984
1660645766193120768
1660645766243319296
1660645766296189184
1660645766343469824
1660645766393369600
1660645766443520256
1660645766493284352
1660645766543474176
1660645766593363712
1660645766643964416
1660645766693444352
1660645766743837440
1660645766793521664
1660645766843671552
1660645766893624064
1660645766943574016
1660645766993798912
1660645767043812608
1660645767093838080
1660645767143864064
1660645767194070528
1660645767244156672
1660645767293941760
1660645767344365568
1660645767393950208
1660645767445421056
1660645767494062336
1660645767544314624
1660645767594468608
1660645767644392448
1660645767694602752
1660645767744420608
1660645767794852352
1660645767844476160
1660645767894540800
1660645767944671232
1660645767994910464
1660645768047325440
1660645768094652672
1660645768144725504
1660645768194757120
1660645768245087488
1660645768294798848
1660645768345125376
1660645768394824704
1660645768445193472
1660645768495278336
1660645768545024000
1660645768595654400
1660645768645245696
1660645768695036160
1660645768745008640
1660645768795283200
1660645768845985536
1660645768895150592
1660645768945978368
1660645768995275776
1660645769046369280
1660645769095304448
1660645769145740288
1660645769195433472
1660645769246268928
1660645769295471872
1660645769345384448
1660645769396217088
1660645769445895936
1660645769495587072
1660645769545730304
1660645769595486208
1660645769645990912
1660645769698173696
1660645769746001408
1660645769795936000
1660645769846047744
1660645769895731456
1660645769946869760
1660645769995787776
1660645770045957632
1660645770095958016
1660645770146572544
1660645770196755456
1660645770246292736
1660645770296102656
1660645770346472192
1660645770396259328
1660645770446743296
1660645770496305152
1660645770547029248
1660645770596669440
1660645770647849984
1660645770696380672
1660645770746834176
1660645770796463872
1660645770846675200
1660645770896453888
1660645770947359744
1660645770997022208
1660645771046959616
1660645771096576768
1660645771147749888
1660645771196760832
1660645771247239424
1660645771296926976
1660645771350799360
1660645771396889088
1660645771447909120
1660645771496816128
1660645771547548416
1660645771597052928
1660645771647873792
1660645771697392384
1660645771747701248
1660645771797940480
1660645771848134656
1660645771897310720
1660645771947892992
1660645771997552640
1660645772047751168
1660645772097502720
1660645772149015296
1660645772197530624
1660645772248283648
1660645772297655808
1660645772348128768
1660645772397716736
1660645772448548864
1660645772497804032
1660645772548032768
1660645772598535680
1660645772648287232
1660645772697797376
1660645772748762112
1660645772798058240
1660645772848713984
1660645772898114816
1660645772948683008
1660645773000503296
1660645773048897792
1660645773098174720
1660645773148349696
1660645773198190848
1660645773249308160
1660645773298579456
1660645773348600064
1660645773399651584
1660645773449023488
1660645773498390528
1660645773549398016
1660645773598378496
1660645773649004800
1660645773698820608
1660645773749499904
1660645773798743040
1660645773849535744
1660645773898912256
1660645773949454592
1660645773998742272
1660645774049233408
1660645774099458560
1660645774148959744
1660645774200030208
1660645774249039872
1660645774299629568
1660645774349472256
1660645774399296512
1660645774449430784
1660645774499151360
1660645774550886912
1660645774599520768
1660645774649867520
1660645774700003072
1660645774754486784
1660645774799180288
1660645774849544448
1660645774899842560
1660645774950094848
1660645775000000256
1660645775049850368
1660645775099637248
1660645775150531840
1660645775200129280
1660645775250417152
1660645775300279296
1660645775350496512
1660645775400050432
1660645775450603520
1660645775500009728
1660645775550919424
1660645775600319232
1660645775650792192
1660645775700569600
1660645775750574080
1660645775800947712
1660645775851188224
1660645775900435712
1660645775950893312
1660645776000382464
1660645776052310272
1660645776100612352
1660645776151399168
1660645776200700672
1660645776251442176
1660645776300860160
1660645776351349248
1660645776403238144
1660645776450941184
1660645776502039808
1660645776551215616
1660645776601085184
1660645776651277824
1660645776701148160
1660645776751763968
1660645776800792576
1660645776851560448
1660645776901111808
1660645776951883008
1660645777001129216
1660645777051324416
1660645777101187584
1660645777152719104
1660645777201195520
1660645777251368960
1660645777301649408
1660645777351210752
1660645777401954560
1660645777451598080
1660645777501897216
1660645777552092928
1660645777601349632
1660645777652470528
1660645777701749504
1660645777752786432
1660645777801398016
1660645777852039680
1660645777901424896
1660645777954587904
1660645778001716736
1660645778051929088
1660645778102311424
1660645778152177408
1660645778202100736
1660645778252092160
1660645778301855488
1660645778352310272
1660645778402667520
1660645778452332288
1660645778502012160
1660645778552564736
1660645778602026752
1660645778652329472
1660645778702345216
1660645778753116928
1660645778802313728
1660645778852795136
1660645778902553856
1660645778952585216
1660645779002536960
1660645779053090048
1660645779103284224
1660645779157902080
1660645779203013888
1660645779253265408
1660645779302601728
1660645779353585152
1660645779402804992
1660645779452702208
1660645779505303296
1660645779553458688
1660645779603439616
1660645779653120512
1660645779703356416
1660645779753003776
1660645779803148288
1660645779853323264
1660645779903623936
1660645779954694656
1660645780004522496
1660645780054163456
1660645780103661824
1660645780154253312
1660645780203278080
1660645780253633792
1660645780303692032
1660645780354329856
1660645780403889920
1660645780453592064
1660645780504318208
1660645780554438656
1660645780603988736
1660645780654365952
1660645780704408576
1660645780753921024
1660645780804024832
1660645780854481920
1660645780903565824
1660645780954725632
1660645781003902720
1660645781054060032
1660645781104278528
1660645781156821760
1660645781204492800
1660645781254696960
1660645781305115392
1660645781354715648
1660645781404302080
1660645781454942464
1660645781504884224
1660645781555158784
1660645781604367616
1660645781655368704
1660645781704267776
1660645781755399424
1660645781804825856
1660645781856715776
1660645781904891392
1660645781955610624
1660645782004964352
1660645782055858432
1660645782105260288
1660645782155816704
1660645782205281280
1660645782256013056
1660645782305184512
1660645782356412416
1660645782405419520
1660645782455911936
1660645782505052672
1660645782556460544
1660645782605082624
1660645782655959552
1660645782705464320
1660645782756074496
1660645782805805312
1660645782856051968
1660645782907975936
1660645782956062208
1660645783006155264
1660645783055973888
1660645783106111488
1660645783158017792
1660645783205516032
1660645783256636672
1660645783305494272
1660645783356490496
1660645783405805568
1660645783457155584
1660645783505753600
1660645783556692736
1660645783607171328
1660645783656579328
1660645783706408192
1660645783756724224
1660645783806749184
1660645783857545472
1660645783907195904
1660645783957505280
1660645784006409472
1660645784057329152
1660645784106328064
1660645784157494272
1660645784206410240
1660645784256972288
1660645784306337536
1660645784356993280
1660645784407341056
1660645784459274240
1660645784506490624
1660645784557613312
1660645784606943232
1660645784657412864
1660645784707004672
1660645784756986112
1660645784806562048
1660645784857626368
1660645784906778624
1660645784957049856
1660645785006761216
1660645785057214976
1660645785106925056
1660645785157745152
1660645785207956224
1660645785258847232
1660645785307254784
1660645785357374720
1660645785407730432
1660645785457938176
1660645785507048448
1660645785557127424
1660645785607120384
1660645785657359616
1660645785707096064
1660645785757483776
1660645785807131904
1660645785857938944
1660645785907477760
1660645785957641984
1660645786007820544
1660645786057835008
1660645786107514368
1660645786157971200
1660645786210315520
1660645786257865728
1660645786308072960
1660645786358807552
1660645786407615232
1660645786457852416
1660645786507957504
1660645786558636288
1660645786607630848
1660645786658656256
1660645786708044032
1660645786758202112
1660645786807962880
1660645786858118912
1660645786908237056
1660645786958114816
1660645787008884736
1660645787059738112
1660645787108387328
1660645787159311616
1660645787208263168
1660645787259510784
1660645787308389120
1660645787359551744
1660645787408261632
1660645787459223808
1660645787508833024
1660645787558974976
1660645787608543232
1660645787659575040
1660645787709010688
1660645787759909120
1660645787809403904
1660645787862512896
1660645787908771584
1660645787959921408
1660645788008821760
1660645788060538368
1660645788109417728
1660645788159994368
1660645788208983808
1660645788261038080
1660645788309027584
1660645788359619072
1660645788409173760
1660645788461696512
1660645788510306304
1660645788561370624
1660645788609355264
1660645788659686912
1660645788709897216
1660645788759810048
1660645788809299200
1660645788860561408
1660645788909527040
1660645788960498688
1660645789009721856
1660645789061647616
1660645789110216192
1660645789160787200
1660645789209951744
1660645789260370944
1660645789310206976
1660645789360047360
1660645789410064128
1660645789461048832
1660645789512373760
1660645789560316672
1660645789610035200
1660645789661019648
1660645789710168064
1660645789762146304
1660645789810199552
1660645789861656832
1660645789910853376
1660645789961461504
1660645790010568192
1660645790060969984
1660645790110593280
1660645790161302784
1660645790210769664
1660645790261763328
1660645790311045888
1660645790360888320
1660645790410664704
1660645790460913408
1660645790510592768
1660645790562301184
1660645790610977024
1660645790661237504
1660645790711654912
1660645790760765184
1660645790811742976
1660645790863017216
1660645790911760896
1660645790961280768
1660645791011978240
1660645791062078464
1660645791110965504
1660645791164950528
1660645791211205632
1660645791261165824
1660645791311067392
1660645791362575360
1660645791412248576
1660645791462300160
1660645791512161024
1660645791562071808
1660645791611526400
1660645791662902016
1660645791712093440
1660645791761578240
1660645791811984384
1660645791863933184
1660645791911910912
1660645791961529856
1660645792011664640
1660645792061582336
1660645792111893248
1660645792162699264
1660645792212653568
1660645792263952128
1660645792313009408
1660645792362769920
1660645792412217344
1660645792462373632
1660645792513127168
1660645792562482176
1660645792612484352
1660645792662454016
1660645792714592256
1660645792762753280
1660645792812427264
1660645792862489344
1660645792912250880
1660645792963639040
1660645793013136640
1660645793063374848
1660645793113253632
1660645793163071232
1660645793212526848
1660645793263125248
1660645793312600064
1660645793363334400
1660645793412626432
1660645793463879168
1660645793513076480
1660645793563045632
1660645793612950272
1660645793663259648
1660645793712836096
1660645793763586816
1660645793813814016
1660645793863762432
1660645793913564928
1660645793963235840
1660645794013236736
1660645794063072000
1660645794113754624
1660645794163860736
1660645794213189632
1660645794263209728
1660645794313331456
1660645794365803264
1660645794413564416
1660645794463438080
1660645794513547008
1660645794563619072
1660645794614040576
1660645794663754496
1660645794713746176
1660645794763701760
1660645794814271744
1660645794863774464
1660645794914380800
1660645794964208896
1660645795013766656
1660645795064095488
1660645795113981952
1660645795167831808
1660645795213994496
1660645795264951808
1660645795314152448
1660645795364289280
1660645795414928128
1660645795464490496
1660645795514948096
1660645795564252416
1660645795614245120
1660645795664211200
1660645795714341376
1660645795764674560
1660645795814440704
1660645795864419840
1660645795914584576
1660645795964569088
1660645796017048576
1660645796064673024
1660645796114564864
1660645796164748288
1660645796215537408
1660645796264628992
1660645796315446528
1660645796364737280
1660645796415205120
1660645796464942848
1660645796515334400
1660645796565124352
1660645796615299584
1660645796664877824
1660645796715104256
1660645796764957952
1660645796815448832
1660645796865316352
1660645796915639296
1660645796966819584
1660645797016254464
1660645797065268992
1660645797115802112
1660645797165259264
1660645797215581952
1660645797265305856
1660645797315674368
1660645797366059520
1660645797415619328
1660645797468047616
1660645797515473664
1660645797565739776
1660645797615526144
1660645797665915136
1660645797715739136
1660645797766367232
1660645797816718336
1660645797866008832
1660645797916286976
1660645797966282496
1660645798016649984
1660645798066415616
1660645798116209920
1660645798166129408
1660645798215939840
1660645798266093312
1660645798316126976
1660645798366627840
1660645798416503296
1660645798466547968
1660645798517012480
1660645798566647296
1660645798616698368
1660645798666754816
1660645798716510720
1660645798767111424
1660645798817263872
1660645798868238848
1660645798916667392
1660645798967462400
1660645799016773888
1660645799067246336
1660645799116678144
1660645799167131648
1660645799219274240
1660645799266938112
1660645799317696000
1660645799367428352
1660645799417630976
1660645799467202304
1660645799517854976
1660645799567398144
1660645799617486848
1660645799668226560
1660645799717166336
1660645799767942400
1660645799817414656
1660645799867547392
1660645799917636096
1660645799968049920
1660645800017709568
1660645800067592704
1660645800118521856
1660645800167579392
1660645800217702144
1660645800267729408
1660645800318017024
1660645800368165632
1660645800418393088
1660645800468201472
1660645800517832448
1660645800568035328
1660645800617972992
1660645800667838976
1660645800717931264
1660645800768167936
1660645800818006528
1660645800870285568
1660645800919297792
1660645800968029440
1660645801018127360
1660645801068190208
1660645801118140672
1660645801168438016
1660645801218464512
1660645801268882688
1660645801318644736
1660645801368713472
1660645801418413056
1660645801468409088
1660645801518353920
1660645801568636160
1660645801618616064
1660645801668522240
1660645801719526144
1660645801768674560
1660645801818883072
1660645801868723712
1660645801919791872
1660645801968772608
1660645802019120640
1660645802069388800
1660645802119281920
1660645802168868352
1660645802218830848
1660645802269146112
1660645802319063296
1660645802369136384
1660645802420133120
1660645802469056768
1660645802519613184
1660645802569126144
1660645802621976064
1660645802669159168
1660645802719504384
1660645802769257728
1660645802819572224
1660645802869322496
1660645802919662592
1660645802969396992
1660645803019613440
1660645803069646592
1660645803119685120
1660645803169528832
1660645803220200704
1660645803269630976
1660645803319916544
1660645803369812992
1660645803419771648
1660645803470011904
1660645803519907840
1660645803570775808
1660645803620056064
1660645803669995008
1660645803720060416
1660645803770277632
1660645803820333056
1660645803870107648
1660645803920119552
1660645803970232064
1660645804020240640
1660645804070169600
1660645804120449280
1660645804170515968
1660645804220434688
1660645804272847360
1660645804321324032
1660645804370732544
1660645804420798208
1660645804470928384
1660645804520469248
1660645804570580992
1660645804620643328
1660645804670635520
1660645804721040384
1660645804770661632
1660645804820870656
1660645804871192064
1660645804921152768
1660645804971103744
1660645805021068544
1660645805070890752
1660645805121561088
1660645805171608064
1660645805221581312
1660645805271188224
1660645805321247232
1660645805371125248
1660645805421428736
1660645805471867136
1660645805521433856
1660645805571598592
1660645805621792256
1660645805671727616
1660645805722084864
1660645805771702016
1660645805821627392
1660645805871824896
1660645805924124928
1660645805972274944
1660645806021950976
1660645806071752704
1660645806122231808
1660645806172078080
1660645806221864192
1660645806272194560
1660645806321872384
1660645806372020224
1660645806423998208
1660645806472352768
1660645806522577664
1660645806572249856
1660645806622639104
1660645806672377344
1660645806722809088
1660645806772602112
1660645806822615296
1660645806872680704
1660645806922347520
1660645806972378368
1660645807022375168
1660645807072396800
1660645807123042048
1660645807172804352
1660645807222998272
1660645807273022976
1660645807323027968
1660645807372935680
1660645807422684928
1660645807472799488
1660645807523546368
1660645807572790784
1660645807623501824
1660645807675656960
1660645807723214592
1660645807773034240
1660645807823343104
1660645807873383424
1660645807924062208
1660645807973350144
1660645808024096512
1660645808073119744
1660645808123410688
1660645808173127936
1660645808223542784
1660645808273392896
1660645808324517376
1660645808373671680
1660645808423564288
1660645808473313280
1660645808523773184
1660645808573675776
1660645808623771648
1660645808673716480
1660645808724076544
1660645808773496576
1660645808823924480
1660645808873607168
1660645808923688960
1660645808974004224
1660645809024719616
1660645809074447360
1660645809124493056
1660645809174073856
1660645809224672000
1660645809273997312
1660645809326507520
1660645809374150144
1660645809424264704
1660645809474077952
1660645809524778240
1660645809574270464
1660645809624224000
1660645809674479616
1660645809724416000
1660645809774839040
1660645809824429568
1660645809875355648
1660645809924545024
1660645809974639616
1660645810024635392
1660645810075010304
1660645810124702976
1660645810174554112
1660645810224656384
1660645810275227136
1660645810325038336
1660645810374753024
1660645810425093376
1660645810474924800
1660645810525083392
1660645810575126272
1660645810625493504
1660645810675497472
1660645810725076480
1660645810775002368
1660645810824961536
1660645810875245312
1660645810925089536
1660645810977693696
1660645811025537536
1660645811075380992
1660645811125489408
1660645811175321600
1660645811225430784
1660645811275579136
1660645811325370624
1660645811375450368
1660645811425803264
1660645811475901184
1660645811525581312
1660645811575575552
1660645811625720064
1660645811675584000
1660645811725639936
1660645811775638528
1660645811825973760
1660645811875867648
1660645811926396160
1660645811976084480
1660645812026460672
1660645812075858688
1660645812126872576
1660645812175952128
1660645812226110464
1660645812276508416
1660645812326313984
1660645812376101120
1660645812426333440
1660645812476168448
1660645812526525440
1660645812576474624
1660645812629424384
1660645812676484352
1660645812726891008
1660645812776461312
1660645812826843392
1660645812876482304
1660645812926662144
1660645812976802560
1660645813027118592
1660645813077162240
1660645813127122176
1660645813176909056
1660645813226999552
1660645813277016320
1660645813327143168
1660645813377069568
1660645813427508992
1660645813477278208
1660645813527230976
1660645813577407488
1660645813627181056
1660645813677313792
1660645813728179968
1660645813777533696
1660645813827569152
1660645813877561088
1660645813927329792
1660645813977261312
1660645814027613952
1660645814077432832
1660645814127932928
1660645814179912704
1660645814228000768
1660645814277671680
1660645814328066560
1660645814377697280
1660645814427837440
1660645814477646848
1660645814528855040
1660645814578196224
1660645814627879424
1660645814677817600
1660645814728045056
1660645814778206464
1660645814828007424
1660645814877924864
1660645814927983872
1660645814978005248
1660645815028187392
1660645815078033920
1660645815128247040
1660645815178159872
1660645815228838656
1660645815278491136
1660645815328786944
1660645815379212288
1660645815428438528
1660645815478508544
1660645815528547072
1660645815578436864
1660645815628376064
1660645815678480640
1660645815728622592
1660645815778984448
1660645815829333504
1660645815878887936
1660645815931553536
1660645815978961152
1660645816028967680
1660645816079031040
1660645816129362176
1660645816179587584
1660645816229145088
1660645816279169536
1660645816329278720
1660645816379230720
1660645816428957184
1660645816479101952
1660645816529532416
1660645816579540224
1660645816629455616
1660645816679529216
1660645816729404160
1660645816779697920
1660645816829498880
1660645816879561984
1660645816929963520
1660645816980134656
1660645817029638400
1660645817079680768
1660645817129638912
1660645817179842816
1660645817229629440
1660645817280046592
1660645817330581248
1660645817380374272
1660645817430380032
1660645817482601472
1660645817529970944
1660645817580070144
1660645817630250752
1660645817680293120
1660645817730212864
1660645817781033216
1660645817830127360
1660645817880367872
1660645817930127360
1660645817980491520
1660645818030265600
1660645818080565248
1660645818130459648
1660645818180422656
1660645818230962688
1660645818280530176
1660645818330379264
1660645818380545280
1660645818430458624
1660645818480482304
1660645818530803968
1660645818581118464
1660645818631186688
1660645818681061632
1660645818730911232
1660645818780747776
1660645818830819328
1660645818880789248
1660645818931376384
1660645818980813312
1660645819031759360
1660645819081024000
1660645819130854656
1660645819180928512
1660645819231305984
1660645819281157376
1660645819331281920
1660645819381302016
1660645819431072512
1660645819481435904
1660645819531648000
1660645819581238016
1660645819631312896
1660645819681491968
1660645819731656448
1660645819781539584
1660645819831570688
1660645819881632512
1660645819931542272
1660645819981564672
1660645820031557888
1660645820081765888
1660645820131879424
1660645820182462976
1660645820231824896
1660645820282155520
1660645820332022272
1660645820381883648
1660645820431774208
1660645820482146304
1660645820532278272
1660645820581971712
1660645820632261120
1660645820682342400
1660645820732077312
1660645820784783872
1660645820832199424
1660645820882539520
1660645820932389120
1660645820982440448
1660645821032415744
1660645821082575104
1660645821132850176
1660645821182457088
1660645821232437760
1660645821282473984
1660645821332576256
1660645821382848000
1660645821432516608
1660645821482587904
1660645821532896768
1660645821583147008
1660645821632776960
1660645821683346176
1660645821732816384
1660645821782880256
1660645821832977408
1660645821883080448
1660645821933107712
1660645821983131392
1660645822033140480
1660645822083093504
1660645822133460480
1660645822183688448
1660645822233122304
1660645822283309568
1660645822333282304
1660645822383558912
1660645822435404800
1660645822484511232
1660645822533411328
1660645822583836160
1660645822633629184
1660645822683939840
1660645822733582592
1660645822783709440
1660645822833981696
1660645822883868160
1660645822934563072
1660645822983991296
1660645823034005760
1660645823083757824
1660645823134102784
1660645823184079616
1660645823233937920
1660645823284435456
1660645823334557696
1660645823384389632
1660645823434094336
1660645823484342528
1660645823534348800
1660645823584281856
1660645823635165440
1660645823684203008
1660645823734949632
1660645823784454400
1660645823834670592
1660645823884653056
1660645823934728704
1660645823984932096
1660645824034831360
1660645824087157760
1660645824134799616
1660645824184895232
1660645824234718720
1660645824284711424
1660645824334985984
1660645824384784896
1660645824435371520
1660645824484933120
1660645824535613952
1660645824584945920
1660645824635075840
1660645824685299968
1660645824735512576
1660645824785105664
1660645824835536384
1660645824885547264
1660645824935424256
1660645824985164800
1660645825035353856
1660645825085197312
1660645825135193344
1660645825185430272
1660645825236032000
1660645825285627136
1660645825335394816
1660645825385476864
1660645825435691776
1660645825485799936
1660645825535702528
1660645825585664000
1660645825635556096
1660645825685936640
1660645825738286336
1660645825785927168
1660645825836087808
1660645825885789184
1660645825936069888
1660645825985979136
1660645826036108288
1660645826086073344
1660645826136280832
1660645826186139136
1660645826236175872
1660645826286076160
1660645826336234240
1660645826386919168
1660645826436136960
1660645826486580992
1660645826536493312
1660645826586474752
1660645826636479744
1660645826686672128
1660645826736320512
1660645826786441728
1660645826836608000
1660645826886811648
1660645826936587008
1660645826986697728
1660645827036559360
1660645827086866688
1660645827136648448
1660645827187192576
1660645827236630784
1660645827287190528
1660645827336794624
1660645827388452096
1660645827437172480
1660645827487222016
1660645827536968448
1660645827587131648
1660645827637415680
1660645827687373056
1660645827737273088
1660645827787476736
1660645827837407232
1660645827887588352
1660645827937196544
1660645827988091648
1660645828037347072
1660645828087609856
1660645828137592576
1660645828187630848
1660645828237551104
1660645828287500032
1660645828337732352
1660645828387632128
1660645828437976832
1660645828487812352
1660645828537885952
1660645828588338944
1660645828637916160
1660645828687950592
1660645828737801472
1660645828789296640
1660645828837890304
1660645828888056064
1660645828938092544
1660645828988466944
1660645829040608512
1660645829088483584
1660645829138731264
1660645829188123904
1660645829238566144
1660645829288304384
1660645829338421760
1660645829388893184
1660645829438799360
1660645829488598784
1660645829539005696
1660645829589170176
1660645829638550784
1660645829688720384
1660645829739085056
1660645829789248768
1660645829839261184
1660645829888828928
1660645829939136000
1660645829988872448
1660645830039228160
1660645830089025280
1660645830139634176
1660645830189270016
1660645830239133696
1660645830289174528
1660645830339419392
1660645830389552128
1660645830439383040
1660645830489480448
1660645830539267328
1660645830589278976
1660645830639586560
1660645830691694848
1660645830740440064
1660645830789612800
1660645830840002816
1660645830889443328
1660645830939622400
1660645830989703424
1660645831039675648
1660645831089866752
1660645831139929344
1660645831190770176
1660645831239712768
1660645831290192384
1660645831340287488
1660645831390125312
1660645831440467456
1660645831490168320
1660645831540668416
1660645831590254848
1660645831640104192
1660645831689953280
1660645831740520448
1660645831790116096
1660645831839999744
1660645831890808832
1660645831940511744
1660645831990332672
1660645832040127488
1660645832090297600
1660645832140524032
1660645832190448640
1660645832240288768
1660645832290733568
1660645832342895360
1660645832391058432
1660645832440486656
1660645832490819584
1660645832540575488
1660645832590566400
1660645832640929792
1660645832691762432
1660645832740926976
1660645832791365888
1660645832841020416
1660645832891139840
1660645832940851456
1660645832991247616
1660645833041012736
1660645833091335936
1660645833141255168
1660645833191221248
1660645833241070592
1660645833292026112
1660645833341543424
1660645833391466752
1660645833441306880
1660645833492505856
1660645833541305856
1660645833591629568
1660645833641317120
1660645833691614464
1660645833741787648
1660645833792192512
1660645833842169344
1660645833891949824
1660645833942167296
1660645833994089984
1660645834041837568
1660645834091589120
1660645834141816832
1660645834192153856
1660645834242532096
1660645834292666112
1660645834342953984
1660645834392106496
1660645834441983744
1660645834491881984
1660645834541966848
1660645834592196864
1660645834642058240
1660645834691979520
1660645834742567424
1660645834792332544
1660645834842069248
1660645834892147456
1660645834942223104
1660645834992241920
1660645835042209280
1660645835092979200
1660645835142429440
1660645835192530944
1660645835242428160
1660645835292599808
1660645835342797824
1660645835392582912
1660645835442972672
1660645835492643072
1660645835542917888
1660645835592615680
1660645835645274624
1660645835692994816
1660645835743469568
1660645835792777472
1660645835843314176
1660645835893782528
1660645835943425536
1660645835993080320
1660645836043111936
1660645836093180928
1660645836143195392
1660645836193284608
1660645836243987456
1660645836293265664
1660645836344193280
1660645836393441024
1660645836443455232
1660645836493338112
1660645836543726336
1660645836593353216
1660645836643714304
1660645836694123520
1660645836744164864
1660645836793751296
1660645836844395776
1660645836893950720
1660645836944077056
1660645836993944064
1660645837044907008
1660645837093829888
1660645837144241152
1660645837194093056
1660645837245081088
1660645837296326400
1660645837344401152
1660645837394261760
1660645837444099584
1660645837494182400
1660645837544922368
1660645837594467840
1660645837644398336
1660645837694392320
1660645837745072128
1660645837794813440
1660645837844970752
1660645837894548480
1660645837944564224
1660645837994578944
1660645838045064960
1660645838094803968
1660645838144850944
1660645838195108608
1660645838244796672
1660645838295936256
1660645838344665856
1660645838395239424
1660645838444964608
1660645838494837504
1660645838545732608
1660645838595243776
1660645838645626624
1660645838694891520
1660645838745309696
1660645838794931968
1660645838845445888
1660645838895108352
1660645838945850880
1660645838996661760
1660645839048168192
1660645839095388928
1660645839145625088
1660645839195470848
1660645839245829120
1660645839295526400
1660645839345918208
1660645839395346944
1660645839446562560
1660645839495597824
1660645839546090240
1660645839595494656
1660645839645699584
1660645839695593216
1660645839746450688
1660645839796219136
1660645839846261504
1660645839896111872
1660645839946737664
1660645839996119552
1660645840046290176
1660645840096084736
1660645840146845696
1660645840196352768
1660645840247020800
1660645840296164096
1660645840346422016
1660645840396376064
1660645840446979840
1660645840496712448
1660645840547245568
1660645840596942848
1660645840646553344
1660645840698874624
1660645840747220480
1660645840797588992
1660645840847218688
1660645840897017600
1660645840948001536
1660645840996738816
1660645841048573952
1660645841096786432
1660645841147764736
1660645841196944640
1660645841247152640
1660645841297158656
1660645841347803136
1660645841397303552
1660645841447634176
1660645841497068800
1660645841547788544
1660645841598212096
1660645841648017152
1660645841697185536
1660645841748309760
1660645841797116416
1660645841848390912
1660645841897427712
1660645841947844864
1660645841997320192
1660645842048509184
1660645842097360640
1660645842148714752
1660645842198664960
1660645842247987456
1660645842297883392
1660645842350346496
1660645842398240000
1660645842449144064
1660645842497637632
1660645842549520896
1660645842598081280
1660645842648433920
1660645842697750528
1660645842748141312
1660645842798005504
1660645842848636160
1660645842898098432
1660645842948308992
1660645842998366720
1660645843048379392
1660645843098226432
1660645843148324096
1660645843199087616
1660645843249227008
1660645843298142208
1660645843349279232
1660645843398535424
1660645843449169408
1660645843498764032
1660645843548444928
1660645843598743040
1660645843648986368
1660645843698867456
1660645843749405440
1660645843798884864
1660645843849123328
1660645843899336448
1660645843949892864
1660645844001483264
1660645844049351424
1660645844099228160
1660645844149921280
1660645844199428352
1660645844249119744
1660645844298858240
1660645844349569024
1660645844399399168
1660645844449342464
1660645844499676160
1660645844549526272
1660645844599712000
1660645844649862144
1660645844699979776
1660645844750201344
1660645844799736832
1660645844850786304
1660645844899309568
1660645844949910784
1660645844999823360
1660645845049767680
1660645845099570944
1660645845150292480
1660645845199662592
1660645845250132736
1660645845300862208
1660645845350209792
1660645845399849472
1660645845450603008
1660645845500251392
1660645845552819200
1660645845600343040
1660645845653170688
1660645845700232192
1660645845750334976
1660645845800392192
1660645845850935040
1660645845900151296
1660645845950536448
1660645846000385536
1660645846050605568
1660645846100689920
1660645846150831104
1660645846201115904
1660645846250875648
1660645846300657664
1660645846351291392
1660645846400657920
1660645846452459776
1660645846500956416
1660645846551166720
1660645846600576768
1660645846651102208
1660645846700898304
1660645846751567616
1660645846800968960
1660645846851335168
1660645846901694720
1660645846951353088
1660645847000951552
1660645847051858176
1660645847103741696
1660645847152335872
1660645847201982464
1660645847253221632
1660645847301497856
1660645847352422400
1660645847401495296
1660645847452126976
1660645847501604096
1660645847552662016
1660645847601683712
1660645847652276992
1660645847702731776
1660645847752457216
1660645847802060544
1660645847852097024
1660645847902379776
1660645847952680960
1660645848001630464
1660645848053908736
1660645848101908992
1660645848152990208
1660645848201882368
1660645848252749312
1660645848302116864
1660645848352849664
1660645848402154752
1660645848452642560
1660645848502958592
1660645848554249984
1660645848602127360
1660645848652786944
1660645848703188480
1660645848754896640
1660645848803228928
1660645848853382656
1660645848902771456
1660645848954436096
1660645849002575360
1660645849053645824
1660645849102583040
1660645849153250304
1660645849202779648
1660645849253061632
1660645849303073792
1660645849353288192
1660645849403330816
1660645849454644992
1660645849503562240
1660645849552876032
1660645849602783744
1660645849653330944
1660645849702742784
1660645849754064384
1660645849803064576
1660645849853582848
1660645849903224320
1660645849954060544
1660645850003283456
1660645850053459968
1660645850104399616
1660645850153764096
1660645850203833088
1660645850253747200
1660645850303820544
1660645850354099200
1660645850406081792
1660645850453720064
1660645850503525888
1660645850554872576
1660645850603532544
1660645850653880320
1660645850703524352
1660645850754361088
1660645850804101888
1660645850853964288
1660645850904190976
1660645850954444032
1660645851004465152
1660645851054448896
1660645851104400384
1660645851155253760
1660645851204137472
1660645851255222272
1660645851303971840
1660645851354458368
1660645851404315392
1660645851454552320
1660645851504202240
1660645851555173376
1660645851604762880
1660645851654747648
1660645851704690688
1660645851755128576
1660645851804615936
1660645851855429888
1660645851905049088
1660645851956591104
1660645852004993024
1660645852056621056
1660645852104487424
1660645852155367936
1660645852204820736
1660645852255762688
1660645852304830208
1660645852356174848
1660645852405461504
1660645852456013568
1660645852505647616
1660645852555687936
1660645852605648384
1660645852656120576
1660645852706372352
1660645852757222912
1660645852805059328
1660645852856325632
1660645852905038336
1660645852956604928
1660645853005545984
1660645853056114688
1660645853105207296
1660645853155992576
1660645853205917696
1660645853255969280
1660645853306764032
1660645853356792064
1660645853406002944
1660645853456106752
1660645853506638592
1660645853557241088
1660645853606324224
1660645853656459776
1660645853708195072
1660645853756738816
1660645853806196224
1660645853856800768
1660645853906521600
1660645853957301504
1660645854006792192
1660645854057636096
1660645854106378752
1660645854156093184
1660645854206375680
1660645854257662720
1660645854307288576
1660645854357719808
1660645854406232576
1660645854456409600
1660645854506476288
1660645854557221632
1660645854606541312
1660645854657571840
1660645854706636544
1660645854757350144
1660645854807385856
1660645854857117952
1660645854907587072
1660645854957691904
1660645855007665152
1660645855056812800
1660645855107324160
1660645855157665792
1660645855207078912
1660645855257334528
1660645855306936576
1660645855361001728
1660645855407096320
1660645855459099392
1660645855507400704
1660645855558234112
1660645855608318976
1660645855658022144
1660645855707809792
1660645855757310720
1660645855808980992
1660645855857665024
1660645855907446016
1660645855958309120
1660645856007203584
1660645856058040576
1660645856107537664
1660645856158018304
1660645856207613440
1660645856258869760
1660645856307628544
1660645856359004160
1660645856408533248
1660645856458800896
1660645856507805696
1660645856558360064
1660645856608699136
1660645856658199040
1660645856707856128
1660645856758686720
1660645856808116992
1660645856858117632
1660645856907895552
1660645856958136320
1660645857010624256
1660645857060013312
1660645857108338176
1660645857158730240
1660645857208633344
1660645857258539008
1660645857308569600
1660645857358744832
1660645857408752384
1660645857458868736
1660645857508664832
1660645857558478592
1660645857608636672
1660645857658585856
1660645857708708608
1660645857758671104
1660645857808663040
1660645857860563968
1660645857909208576
1660645857959956992
1660645858009421568
1660645858060600832
1660645858109500928
1660645858159342080
1660645858209389824
1660645858259693312
1660645858309612800
1660645858359569408
1660645858409109760
1660645858459083520
1660645858509218816
1660645858559642112
1660645858609583104
1660645858662122752
1660645858709383936
1660645858759336960
1660645858810360064
1660645858859646720
1660645858909460480
1660645858959568128
1660645859009995520
1660645859059631104
1660645859109478656
1660645859159842560
1660645859209687040
1660645859259642624
1660645859309671168
1660645859359854080
1660645859410014208
1660645859460818176
1660645859510439936
1660645859560503296
1660645859610055680
1660645859660195072
1660645859710357504
1660645859760086272
1660645859810188544
1660645859861284608
1660645859910136576
1660645859960700416
1660645860010117632
1660645860060229376
1660645860110155008
1660645860160665856
1660645860211280896
1660645860261747456
1660645860311093504
1660645860360498944
1660645860413350912
1660645860460473088
1660645860510659584
1660645860560557312
1660645860611363072
1660645860661284864
1660645860710745856
1660645860760794880
1660645860810800896
1660645860860817152
1660645860911166208
1660645860961110272
1660645861011620096
1660645861061388544
1660645861111645696
1660645861161102080
1660645861211926528
1660645861261161216
1660645861311256576
1660645861361211136
1660645861411400704
1660645861461315072
1660645861511399168
1660645861561289984
1660645861611537920
1660645861661550592
1660645861711653120
1660645861761546496
1660645861812507648
1660645861862083328
1660645861912108032
1660645861964051456
1660645862012102144
1660645862061803264
1660645862112188928
1660645862162597376
1660645862211918848
1660645862261793280
1660645862311866624
1660645862361801984
1660645862412111360
1660645862461865216
1660645862512078336
1660645862561991424
1660645862612326912
1660645862662309376
1660645862713146880
1660645862762169600
1660645862812310528
1660645862862252544
1660645862913050112
1660645862963138560
1660645863012467712
1660645863062592512
1660645863112540160
1660645863162816000
1660645863212555008
1660645863262857216
1660645863312797184
1660645863362621952
1660645863413393152
1660645863462964992
1660645863512717824
1660645863562861312
1660645863615437824
1660645863663073536
1660645863713336064
1660645863763623168
1660645863812944896
1660645863863178752
1660645863913008896
1660645863963202816
1660645864013468160
1660645864063407104
1660645864113661440
1660645864163403264
1660645864214423040
1660645864263615488
1660645864313616384
1660645864363529984
1660645864414128128
1660645864463580416
1660645864513433600
1660645864563988480
1660645864614061824
1660645864663585024
1660645864713586176
1660645864763486464
1660645864813636352
1660645864863927808
1660645864913790464
1660645864963970816
1660645865014455296
1660645865064192512
1660645865114748672
1660645865164626944
1660645865214210304
1660645865266656512
1660645865314085888
1660645865364753408
1660645865414123776
1660645865464314880
1660645865514276352
1660645865564321024
1660645865614231296
1660645865664847872
1660645865714791424
1660645865764442880
1660645865815808768
1660645865864659200
1660645865914686208
1660645865964557824
1660645866014587648
1660645866064485376
1660645866115136256
1660645866165394944
1660645866215049984
1660645866264597248
1660645866314955776
1660645866364669184
1660645866414716160
1660645866464901632
1660645866515229696
1660645866564960256
1660645866615911424
1660645866664931328
1660645866715090688
1660645866765085696
1660645866817425664
1660645866864994560
1660645866915417088
1660645866965482240
1660645867015289856
1660645867065224960
1660645867115281664
1660645867165274368
1660645867215278848
1660645867265406976
1660645867316814848
1660645867365449728
1660645867416467968
1660645867465758976
1660645867515800064
1660645867565648640
1660645867615678464
1660645867665638144
1660645867716188928
1660645867765762048
1660645867815637248
1660645867865650944
1660645867915835648
1660645867966044160
1660645868016228096
1660645868065903360
1660645868116563968
1660645868165926144
1660645868216293632
1660645868266100480
1660645868316081920
1660645868366755584
1660645868417609216
1660645868469717504
1660645868516472832
1660645868566802688
1660645868616478720
1660645868666433536
1660645868716429824
1660645868766732032
1660645868816292864
1660645868866585344
1660645868916909056
1660645868966464768
1660645869017334016
1660645869066710016
1660645869116904704
1660645869167077376
1660645869217287936
1660645869267462400
1660645869316776704
1660645869367219456
1660645869417010944
1660645869467011072
1660645869516899072
1660645869567396096
1660645869616957696
1660645869667214336
1660645869717857280
1660645869767148544
1660645869817189376
1660645869867605248
1660645869917447424
1660645869967555584
1660645870020339456
1660645870068110592
1660645870117285888
1660645870167343616
1660645870217576448
1660645870267640832
1660645870317706240
1660645870367633920
1660645870418763776
1660645870467607552
1660645870518166272
1660645870568002304
1660645870617769216
1660645870667795968
1660645870718151936
1660645870768281344
1660645870818499840
1660645870868818176
1660645870918144768
1660645870968124672
1660645871018384640
1660645871067935744
1660645871118183936
1660645871168298496
1660645871219211264
1660645871268559360
1660645871319168768
1660645871368627456
1660645871418756864
1660645871468343808
1660645871518985216
1660645871568379392
1660645871618491136
1660645871670984448
1660645871718871040
1660645871768787712
1660645871818872320
1660645871868761088
1660645871918958336
1660645871968982528
1660645872019857152
1660645872069114368
1660645872119850752
1660645872169051136
1660645872219401984
1660645872269306112
1660645872319066112
1660645872369242112
1660645872419919872
1660645872469457152
1660645872519677952
1660645872569253888
1660645872619360512
1660645872669517312
1660645872719539712
1660645872769476608
1660645872820084224
1660645872869469696
1660645872920246016
1660645872969447936
1660645873019546880
1660645873069621504
1660645873120254720
1660645873169623808
1660645873222194432
1660645873269690880
1660645873319621632
1660645873369855488
1660645873419959552
1660645873470050816
1660645873519968768
1660645873569899520
1660645873620337152
1660645873670104320
1660645873720400896
1660645873769957376
1660645873820266752
1660645873870494208
1660645873920180736
1660645873970264320
1660645874020463616
1660645874070431488
1660645874120400384
1660645874170411264
1660645874220600320
1660645874270598144
1660645874320470784
1660645874370646528
1660645874420611328
1660645874470501120
1660645874520697600
1660645874570818048
1660645874620611584
1660645874670815488
1660645874721031168
1660645874771568896
1660645874820996864
1660645874873390848
1660645874920863488
1660645874970932992
1660645875020963072
1660645875071059456
1660645875120942848
1660645875170867200
1660645875221218560
1660645875271329024
1660645875321325824
1660645875371133952
1660645875421400064
1660645875471406848
1660645875521452544
1660645875571392512
1660645875621552640
1660645875671246592
1660645875721285632
1660645875771295744
1660645875821334016
1660645875871750400
1660645875921576960
1660645875971885312
1660645876021728512
1660645876071646720
1660645876121731840
1660645876171572736
1660645876221931008
1660645876272009984
1660645876322022656
1660645876372271616
1660645876421926144
1660645876471855360
1660645876524483072
1660645876572005632
1660645876621935872
1660645876672062720
1660645876722354944
1660645876772296704
1660645876823240192
1660645876872091648
1660645876922441216
1660645876972135680
1660645877023427840
1660645877072408832
1660645877122621184
1660645877172743680
1660645877222637568
1660645877272514560
1660645877322578944
1660645877372650240
1660645877422906368
1660645877472602112
1660645877523517440
1660645877572603648
1660645877623464192
1660645877672884736
1660645877722946560
1660645877772952576
1660645877823445248
1660645877873385984
1660645877923450880
1660645877973114368
1660645878023145472
1660645878075831296
1660645878123308800
1660645878173394944
1660645878223685120
1660645878273517824
1660645878324699904
1660645878373406208
1660645878423905536
1660645878474152448
1660645878524008192
1660645878573527296
1660645878624091904
1660645878674190080
1660645878724097024
1660645878773851136
1660645878823619072
1660645878874089984
1660645878923993600
1660645878974006528
1660645879024043776
1660645879074423040
1660645879124527104
1660645879174277632
1660645879224119040
1660645879274421760
1660645879324297984
1660645879374348288
1660645879424402176
1660645879475146240
1660645879524206080
1660645879574410240
1660645879624781056
1660645879674203648
1660645879724207872
1660645879774193152
1660645879826748928
1660645879874372352
1660645879925071360
1660645879974672128
1660645880024677376
1660645880074745856
1660645880124699392
1660645880174579456
1660645880225119232
1660645880275313408
1660645880324771328
1660645880375059712
1660645880424671232
1660645880475281920
1660645880524751616
1660645880575230976
1660645880625456896
1660645880674819328
1660645880725950208
1660645880774916608
1660645880824893952
1660645880875292928
1660645880925128960
1660645880975391232
1660645881026177024
1660645881075986432
1660645881125237248
1660645881175244544
1660645881225260032
1660645881275312384
1660645881325751040
1660645881375738624
1660645881425695744
1660645881477919744
1660645881525711104
1660645881575690752
1660645881625675776
1660645881675973120
1660645881725809664
1660645881776232960
1660645881825921024
1660645881876580352
1660645881925824256
1660645881975821056
1660645882026051840
1660645882075956224
1660645882125903872
1660645882176029440
1660645882225993984
1660645882276086528
1660645882326210816
1660645882376258304
1660645882426345472
1660645882476205312
1660645882526406912
1660645882576402944
1660645882626470656
1660645882677249536
1660645882726880000
1660645882776502528
1660645882826688768
1660645882876558848
1660645882926894592
1660645882976796416
1660645883027027200
1660645883076685824
1660645883129624320
1660645883176961024
1660645883226746880
1660645883276879872
1660645883326781184
1660645883376922880
1660645883426939136
1660645883476892928
1660645883526964992
1660645883576975616
1660645883626893568
1660645883676957952
1660645883727096320
1660645883777037056
1660645883827439360
1660645883877202688
1660645883927584512
1660645883977154816
1660645884027224064
1660645884077242880
1660645884128146176
1660645884177349120
1660645884227664896
1660645884278205440
1660645884327657984
1660645884377583104
1660645884427579904
1660645884477711104
1660645884527681792
1660645884577573376
1660645884628606464
1660645884680233984
1660645884727852288
1660645884777830656
1660645884827710464
1660645884877939200
1660645884928736768
1660645884978511872
1660645885028182528
1660645885078135040
1660645885128025344
1660645885178133760
1660645885228379648
1660645885278350592
1660645885328171776
1660645885378288384
1660645885428438528
1660645885478301184
1660645885528305408
1660645885578519296
1660645885628314112
1660645885678678784
1660645885729428480
1660645885779292160
1660645885828747008
1660645885878627840
1660645885928596224
1660645885978637312
1660645886028655104
1660645886079035392
1660645886128932608
1660645886178745856
1660645886228987392
1660645886279184128
1660645886331399424
1660645886379099392
1660645886429147904
1660645886479181568
1660645886529110528
1660645886579309824
1660645886629156352
1660645886679557120
1660645886729270784
1660645886779328256
1660645886829518336
1660645886879565568
1660645886929425664
1660645886979734016
1660645887029800192
1660645887079519744
1660645887129678336
1660645887179500032
1660645887229572096
1660645887279643136
1660645887330069248
1660645887380052736
1660645887429745920
1660645887480194816
1660645887529804544
1660645887580241408
1660645887629924352
1660645887679953408
1660645887729939712
1660645887779860224
1660645887830659328
1660645887880285952
1660645887929972480
1660645887982483456
1660645888030360064
1660645888080358912
1660645888130492928
1660645888180375808
1660645888230769920
1660645888280414464
1660645888330557440
1660645888380530688
1660645888430893056
1660645888481026304
1660645888531183616
1660645888580542720
1660645888631008256
1660645888680996096
1660645888730662912
1660645888780946176
1660645888830871808
1660645888880892672
1660645888930987008
1660645888981345280
1660645889031211520
1660645889081164800
1660645889131170048
1660645889181312512
1660645889231287040
1660645889281141760
1660645889331598336
1660645889381281024
1660645889431925504
1660645889481488384
1660645889531274240
1660645889581669632
1660645889633740544
1660645889681448448
1660645889731606272
1660645889781766144
1660645889831539456
1660645889881950976
1660645889931642112
1660645889981580544
1660645890031730688
1660645890081588992
1660645890131929856
1660645890181856768
1660645890231970304
1660645890282383360
1660645890331916288
1660645890382187264
1660645890432256512
1660645890482617856
1660645890532223232
1660645890582609664
1660645890632118784
1660645890682408192
1660645890731992320
1660645890782003456
1660645890832208896
1660645890882181888
1660645890932580096
1660645890982139136
1660645891032467968
1660645891082467328
1660645891132357376
1660645891182413568
1660645891232471808
1660645891285681152
1660645891332480768
1660645891382622208
1660645891432489216
1660645891483068416
1660645891532531200
1660645891582678784
1660645891632883712
1660645891682895616
1660645891733213696
1660645891782898688
1660645891832840704
1660645891883152896
1660645891932773120
1660645891983260160
1660645892033385728
1660645892083448064
1660645892133198080
1660645892183206656
1660645892233299200
1660645892283350272
1660645892333214720
1660645892383332608
1660645892433244160
1660645892483495936
1660645892533518848
1660645892583452672
1660645892633348096
1660645892683582208
1660645892733668096
1660645892783707392
1660645892833700352
1660645892883963392
1660645892933515776
1660645892983745536
1660645893036084992
1660645893083913984
1660645893133735424
1660645893184015872
1660645893234129920
1660645893283908096
1660645893335092480
1660645893384101376
1660645893433871872
1660645893484294656
1660645893534034176
1660645893584178944
1660645893634225664
1660645893684659456
1660645893734401024
1660645893784519680
1660645893834552832
1660645893884604672
1660645893934389760
1660645893984744960
1660645894034824192
1660645894084636160
1660645894135191552
1660645894184608768
1660645894234650112
1660645894284695552
1660645894334987520
1660645894384709888
1660645894435065856
1660645894484753152
1660645894534890240
1660645894587511296
1660645894634781952
1660645894685016320
1660645894735357184
1660645894785035776
1660645894835731456
1660645894885271552
1660645894935142400
1660645894985156608
1660645895035430912
1660645895085246208
1660645895135701504
1660645895185397504
1660645895235788288
1660645895285536000
1660645895335450624
1660645895385367808
1660645895435573760
1660645895485607680
1660645895535836928
1660645895585707264
1660645895636352256
1660645895685527552
1660645895735655936
1660645895785540864
1660645895836044032
1660645895886041344
1660645895936083712
1660645895986034432
1660645896036143104
1660645896086905600
1660645896136441600
1660645896185956096
1660645896236056064
1660645896286006528
1660645896338574592
1660645896386216192
1660645896436739328
1660645896486322432
1660645896536769280
1660645896586341888
1660645896636533248
1660645896686578944
1660645896737262592
1660645896787046400
1660645896836656640
1660645896886983168
1660645896936784384
1660645896986639616
1660645897036531456
1660645897086991104
1660645897136811264
1660645897187169792
1660645897237674496
1660645897287070464
1660645897337108992
1660645897387067648
1660645897437079808
1660645897487026176
1660645897536965120
1660645897587371776
1660645897637057792
1660645897687374848
1660645897737064960
1660645897787172096
1660645897837350400
1660645897887254784
1660645897937472512
1660645897989628160
1660645898037787648
1660645898087440896
1660645898137487616
1660645898187688704
1660645898237831168
1660645898287884544
1660645898337719552
1660645898388324352
1660645898438040576
1660645898487544064
1660645898537587712
1660645898587707136
1660645898637959424
1660645898687721728
1660645898737885184
1660645898788253184
1660645898838540800
1660645898887991296
1660645898938252800
1660645898988300288
1660645899038066432
1660645899088388352
1660645899138024192
1660645899188958720
1660645899238050048
1660645899288308992
1660645899338459904
1660645899388407296
1660645899438681856
1660645899488218624
1660645899538322944
1660645899588629760
1660645899641908992
1660645899688399104
1660645899738657792
1660645899788456704
1660645899839162880
1660645899888538368
1660645899938991104
1660645899989282560
1660645900039243520
1660645900088929280
1660645900138891008
1660645900188899840
1660645900239528960
1660645900288880128
1660645900339686400
1660645900388880640
1660645900439800064
1660645900488999168
1660645900539907584
1660645900589090816
1660645900639487232
1660645900689452544
1660645900739889152
1660645900789745408
1660645900839851776
1660645900889440000
1660645900939775232
1660645900989620736
1660645901039870720
1660645901089414400
1660645901140513792
1660645901191996672
1660645901239858176
1660645901289594368
1660645901339675648
1660645901389752576
1660645901440292608
1660645901489680384
1660645901540379904
1660645901591691264
1660645901640595968
1660645901689951488
1660645901740940544
1660645901790061824
1660645901840819712
1660645901890182144
1660645901941667840
1660645901990497536
1660645902041797120
1660645902090383616
1660645902141458432
1660645902190429952
1660645902240909824
1660645902290648064
1660645902341319424
1660645902391177984
1660645902441172224
1660645902490935296
1660645902541483008
1660645902591374080
1660645902642035968
1660645902690897152
1660645902742077696
1660645902791156736
1660645902841485056
1660645902891383040
1660645902943656960
1660645902991075072
1660645903041465856
1660645903091422208
1660645903141932288
1660645903192023808
1660645903241511680
1660645903291455744
1660645903342116352
1660645903391198464
1660645903442233600
1660645903491558912
1660645903542386432
1660645903591493888
1660645903641454080
1660645903691920384
1660645903742760448
1660645903791460352
1660645903842109696
1660645903893057024
1660645903941814272
1660645903992391424
1660645904042196736
1660645904091942912
1660645904141818368
1660645904191678976
1660645904242274048
1660645904292048384
1660645904342941184
1660645904391882240
1660645904442383360
1660645904492035328
1660645904542334208
1660645904594583808
1660645904642251520
1660645904692635136
1660645904742474240
1660645904792359936
1660645904842948352
1660645904892961024
1660645904943375616
1660645904992404224
1660645905043659520
1660645905092468480
1660645905143310848
1660645905192289536
1660645905243106048
1660645905292324608
1660645905342616320
1660645905392622592
1660645905443252736
1660645905493482496
1660645905543310848
1660645905592790784
1660645905643044352
1660645905692975360
1660645905743450624
1660645905792893696
1660645905844056064
1660645905892887296
1660645905943586048
1660645905992847872
1660645906043606784
1660645906093184000
1660645906143969024
1660645906193332992
1660645906246600704
1660645906293880320
1660645906343949824
1660645906393708032
1660645906444207616
1660645906493571584
1660645906544498432
1660645906593580800
1660645906644585728
1660645906693379072
1660645906744796928
1660645906793728000
1660645906844451072
1660645906893642240
1660645906945365248
1660645906994053888
1660645907044533760
1660645907094507520
1660645907144297216
1660645907193863680
1660645907244123392
1660645907294134016
1660645907344683776
1660645907394062592
1660645907445752832
1660645907494132480
1660645907545158656
1660645907594172416
1660645907644595200
1660645907694084096
1660645907744905472
1660645907797089536
1660645907844507392
1660645907895391232
1660645907945113088
1660645907994398208
1660645908044974592
1660645908094818048
1660645908144646144
1660645908194544384
1660645908245426432
1660645908294649344
1660645908345066752
1660645908394769152
1660645908444994816
1660645908495142144
1660645908545306880
1660645908594768384
1660645908644945408
1660645908695443968
1660645908745565952
1660645908795199488
1660645908846741760
1660645908895653120
1660645908945984000
1660645908995071744
1660645909046000128
1660645909095487488
1660645909145625856
1660645909195318272
1660645909246518528
1660645909295280896
1660645909348047616
1660645909396659968
1660645909445856512
1660645909496192256
1660645909546306304
1660645909595673600
1660645909646445568
1660645909695764224
1660645909746376960
1660645909795572992
1660645909846494208
1660645909895870976
1660645909946637568
1660645909995720704
1660645910046276608
1660645910096094720
1660645910146192640
1660645910196404736
1660645910246626304
1660645910296747776
1660645910347260928
1660645910396817408
1660645910446210048
1660645910496053760
1660645910547031296
1660645910596119040
1660645910646943488
1660645910696456448
1660645910746837504
1660645910796581632
1660645910847425024
1660645910896558336
1660645910946737920
1660645911002068480
1660645911047023616
1660645911096661760
1660645911147568128
1660645911197161472
1660645911247611392
1660645911297329408
1660645911347924224
1660645911396787456
1660645911447848448
1660645911496995328
1660645911548061440
1660645911597015552
1660645911649729792
1660645911697033216
1660645911747960064
1660645911797817600
1660645911848151552
1660645911897341184
1660645911947684864
1660645911998565120
1660645912048320000
1660645912097996800
1660645912148575488
1660645912197341440
1660645912248109824
1660645912297367552
1660645912348106240
1660645912398067968
1660645912449550336
1660645912498051584
1660645912550214400
1660645912598939904
1660645912648859392
1660645912697941760
1660645912748254976
1660645912799319296
1660645912848425216
1660645912898568192
1660645912949461504
1660645912997848832
1660645913049822720
1660645913098243840
1660645913149357056
1660645913198183168
1660645913250075648
1660645913298529024
1660645913348595712
1660645913399596288
1660645913449045248
1660645913498623232
1660645913549147136
1660645913598563072
1660645913649173248
1660645913699215360
1660645913749713408
1660645913799276032
1660645913849545216
1660645913898840320
1660645913951853824
1660645913998967296
1660645914049668096
1660645914099278592
1660645914149746176
1660645914201278976
1660645914249578496
1660645914299322112
1660645914350385152
1660645914399856640
1660645914452387840
1660645914499379968
1660645914549985792
1660645914599576320
1660645914650348288
1660645914699174400
1660645914750092288
1660645914799242240
1660645914850324224
1660645914900312064
1660645914950710016
1660645915000127488
1660645915050307328
1660645915099663616
1660645915154096384
1660645915200126976
1660645915251118848
1660645915300101888
1660645915350353920
1660645915400034816
1660645915450283264
1660645915499860992
1660645915550774272
1660645915599910144
1660645915650563328
1660645915700272640
1660645915754240256
1660645915800896512
1660645915851119360
1660645915900149760
1660645915950400000
1660645916000494592
1660645916052461056
1660645916100651264
1660645916152190976
1660645916200283904
1660645916250863104
1660645916300222208
1660645916351246336
1660645916400672000
1660645916451834880
1660645916500886528
1660645916551183616
1660645916600551936
1660645916651980800
1660645916701345280
1660645916751566848
1660645916800690176
1660645916852068352
1660645916900778240
1660645916951502848
1660645917000913152
1660645917051043072
1660645917101014784
1660645917152949504
1660645917201085952
1660645917251960064
1660645917301507584
1660645917352513280
1660645917403557888
1660645917451897344
1660645917501060352
1660645917551189504
1660645917601560064
1660645917652276992
1660645917701245184
1660645917752067072
1660645917801245184
1660645917852591872
1660645917901512704
1660645917952204800
1660645918001901568
1660645918051844608
1660645918102259968
1660645918153099520
1660645918201978880
1660645918252130304
1660645918301937920
1660645918352242176
1660645918402105088
1660645918452618752
1660645918502078976
1660645918552224768
1660645918602130688
1660645918652655360
1660645918701953024
1660645918753752320
1660645918802688000
1660645918852474368
1660645918903102464
1660645918952783360
1660645919002514176
1660645919053220096
1660645919103003136
1660645919155133440
1660645919202616064
1660645919253772800
1660645919303066368
1660645919353080064
1660645919402492416
1660645919452870656
1660645919503088896
1660645919554153472
1660645919604108032
1660645919654230272
1660645919703715072
1660645919753506304
1660645919803228416
1660645919853456128
1660645919903471872
1660645919953257728
1660645920003502592
1660645920053505536
1660645920103260928
1660645920153874944
1660645920203648256
1660645920255711744
1660645920303472128
1660645920354747904
1660645920404698368
1660645920453814272
1660645920504343808
1660645920554017024
1660645920603490304
1660645920653556224
1660645920704132864
1660645920753686528
1660645920806269440
1660645920855355904
1660645920903696384
1660645920953707008
1660645921003781632
1660645921054296320
1660645921104120832
1660645921154641152
1660645921204884480
1660645921254695936
1660645921305344256
1660645921353942784
1660645921404403456
1660645921454113792
1660645921504076800
1660645921554684672
1660645921604687872
1660645921655484416
1660645921704771840
1660645921754849280
1660645921804407552
1660645921855016960
1660645921904199936
1660645921955446784
1660645922005292032
1660645922055064320
1660645922104656128
1660645922155178752
1660645922205390080
1660645922254895104
1660645922304737024
1660645922356526848
1660645922404736768
1660645922457168384
1660645922504655616
1660645922555329024
1660645922604800000
1660645922655235328
1660645922704925184
1660645922756342272
1660645922806016000
1660645922855537152
1660645922906154496
1660645922955483392
1660645923005142528
1660645923055136768
1660645923105355776
1660645923155596544
1660645923205389056
1660645923255340288
1660645923305405952
1660645923355866368
1660645923405498880
1660645923455819008
1660645923505416960
1660645923555604224
1660645923606326272
1660645923655708416
1660645923706169344
1660645923755807744
1660645923805738240
1660645923855712768
1660645923906533632
1660645923956139008
1660645924006132736
1660645924056374272
1660645924108950272
1660645924156033024
1660645924206304256
1660645924256131328
1660645924306372352
1660645924356356864
1660645924407141632
1660645924457425664
1660645924506113024
1660645924556116224
1660645924607025408
1660645924656408576
1660645924706365440
1660645924757149952
