1660647265558015488
1660647265608183808
1660647265658256384
1660647265709531136
1660647265758338304
1660647265808461824
1660647265858471680
1660647265908471552
1660647265958116352
1660647266010883840
1660647266058914048
1660647266108525056
1660647266159582720
1660647266208606720
1660647266259028992
1660647266308626432
1660647266358613504
1660647266408529408
1660647266459079168
1660647266509553152
1660647266558870016
1660647266608884992
1660647266659310336
1660647266709309696
1660647266759226880
1660647266809166592
1660647266860088576
1660647266909115392
1660647266959704064
1660647267009395456
1660647267059527680
1660647267109139456
1660647267159744512
1660647267209690368
1660647267259310080
1660647267309335040
1660647267359278592
1660647267409377536
1660647267459603968
1660647267509573632
1660647267559699968
1660647267609922560
1660647267662362624
1660647267710436096
1660647267760144896
1660647267810301184
1660647267859863296
1660647267909783296
1660647267959943168
1660647268010350592
1660647268059928064
1660647268109845760
1660647268159838976
1660647268209846016
1660647268260024832
1660647268310417920
1660647268360165632
1660647268410435328
1660647268460366336
1660647268510104064
1660647268560546560
1660647268610083584
1660647268660375296
1660647268710524416
1660647268760876288
1660647268810728448
1660647268860087296
1660647268910407424
1660647268960417024
1660647269010572800
1660647269060242944
1660647269110824448
1660647269160652288
1660647269210876928
1660647269260773632
1660647269312953088
1660647269360688384
1660647269410661120
1660647269461038336
1660647269511000064
1660647269561281280
1660647269612069376
1660647269661102080
1660647269711534080
1660647269761258752
1660647269811707136
1660647269861238784
1660647269911521280
1660647269961170176
1660647270011352064
1660647270061488128
1660647270111480320
1660647270162155008
1660647270211689728
1660647270261995264
1660647270311568896
1660647270361688064
1660647270411959552
1660647270461664000
1660647270511442176
1660647270561645312
1660647270611674880
1660647270661707008
1660647270711870720
1660647270762184960
1660647270811991552
1660647270862394880
1660647270911905024
1660647270964685056
1660647271012199936
1660647271062123776
1660647271112045312
1660647271162594304
1660647271212392704
1660647271262131200
1660647271312199936
1660647271362368512
1660647271412060160
1660647271462021888
1660647271512148480
1660647271562539008
1660647271612151552
1660647271662947584
1660647271712348672
1660647271762334464
1660647271812243968
1660647271863204864
1660647271912754176
1660647271962366464
1660647272012507648
1660647272062744576
1660647272112561408
1660647272162893056
1660647272212677888
1660647272262696448
1660647272312856832
1660647272364227072
1660647272414629632
1660647272463113728
1660647272512932608
1660647272563314688
1660647272615373568
1660647272663472128
1660647272713297152
1660647272763079424
1660647272812994048
1660647272863219968
1660647272913103872
1660647272963377920
1660647273013052928
1660647273063486720
1660647273113196544
1660647273163796480
1660647273213556736
1660647273263564288
1660647273313447680
1660647273363683840
1660647273413331200
1660647273463820032
1660647273513500672
1660647273563557120
1660647273614155520
1660647273663956992
1660647273713989888
1660647273763762688
1660647273813704192
1660647273864116992
1660647273914104576
1660647273963956992
1660647274013958400
1660647274063918336
1660647274114144256
1660647274164230656
1660647274214023168
1660647274266717696
1660647274316363520
1660647274364232960
1660647274414607104
1660647274464417280
1660647274514217472
1660647274564259072
1660647274614605824
1660647274664331264
1660647274714531328
1660647274764440576
1660647274814693888
1660647274864557312
1660647274914739968
1660647274964510976
1660647275014583808
1660647275064929536
1660647275115151616
1660647275164797184
1660647275214643200
1660647275264810240
1660647275314818560
1660647275364947712
1660647275415058688
1660647275465146624
1660647275514951936
1660647275565592064
1660647275615308544
1660647275665070080
1660647275715277824
1660647275765292544
1660647275815229184
1660647275865529088
1660647275918112768
1660647275965762048
1660647276015324928
1660647276065394176
1660647276115465216
1660647276165355264
1660647276215471360
1660647276265608704
1660647276315546624
1660647276366120704
1660647276415814144
1660647276465719808
1660647276515980800
1660647276566347776
1660647276616024832
1660647276665763328
1660647276716141056
1660647276766233856
1660647276816030464
1660647276865798400
1660647276916211200
1660647276966148864
1660647277016357632
1660647277066472448
1660647277116581120
1660647277166554624
1660647277218120704
1660647277267233280
1660647277316425984
1660647277368390656
1660647277416752384
1660647277466648320
1660647277516733184
1660647277568992256
1660647277616785664
1660647277667092992
1660647277717075968
1660647277767231232
1660647277817014016
1660647277866783488
1660647277916931584
1660647277967167744
1660647278018619392
1660647278067244032
1660647278116919040
1660647278167385088
1660647278217360128
1660647278267266560
1660647278317292800
1660647278367359488
1660647278417369600
1660647278467303168
1660647278517324032
1660647278567247104
1660647278620041216
1660647278668006144
1660647278717642752
1660647278767875328
1660647278817513216
1660647278867801344
1660647278917656576
1660647278968393984
1660647279017701376
1660647279067904000
1660647279120164096
1660647279167517696
1660647279217794048
1660647279267791872
1660647279317631488
1660647279367911680
1660647279417844224
1660647279468294912
1660647279517996032
1660647279567816704
1660647279617847040
1660647279667883264
1660647279718063360
1660647279769084928
1660647279819325696
1660647279868219136
1660647279918262784
1660647279968225792
1660647280018150912
1660647280068228352
1660647280118472704
1660647280168431104
1660647280218507008
1660647280268354304
1660647280318445568
1660647280368723200
1660647280418580224
1660647280468366336
1660647280519170304
1660647280568820224
1660647280619429632
1660647280668805632
1660647280718671360
1660647280771295232
1660647280818849536
1660647280868769792
1660647280918918912
1660647280968805632
1660647281019062272
1660647281069074688
1660647281119137280
1660647281168969984
1660647281219015168
1660647281268992768
1660647281320092416
1660647281369195008
1660647281419614208
1660647281469269248
1660647281519475712
1660647281569474816
1660647281619617280
1660647281669345536
1660647281719367936
1660647281769385216
1660647281819621120
1660647281870148864
1660647281919938304
1660647281969794560
1660647282019957248
1660647282069569536
1660647282119858688
1660647282170776064
1660647282220127744
1660647282269914112
1660647282322293248
1660647282370093312
1660647282420005632
1660647282469986304
1660647282520072704
1660647282569906432
1660647282620190976
1660647282670577152
1660647282720199936
1660647282770107392
1660647282820478720
1660647282870767616
1660647282920765952
1660647282970745344
1660647283020394752
1660647283070615296
1660647283120459520
1660647283172093952
1660647283220731904
1660647283270584576
1660647283320833792
1660647283371520000
1660647283420468992
1660647283471657472
1660647283520790016
1660647283570994688
1660647283620687616
1660647283671870208
1660647283720923648
1660647283771249920
1660647283821579264
1660647283871498496
1660647283921038848
1660647283971512320
1660647284021290496
1660647284073646848
1660647284121594112
1660647284172309504
1660647284221399040
1660647284271659776
1660647284321413120
1660647284371497728
1660647284421419776
1660647284472250880
1660647284521367040
1660647284571793664
1660647284621616640
1660647284671608576
1660647284721733632
1660647284771741696
1660647284821733632
1660647284872103680
1660647284921660928
1660647284972101632
1660647285021763072
1660647285071873280
1660647285121710336
1660647285171908864
1660647285221977600
1660647285272317696
1660647285322542080
1660647285372201472
1660647285422344192
1660647285472093440
1660647285522175232
1660647285572355328
1660647285622772736
1660647285672535808
1660647285725215744
1660647285772497920
1660647285822616320
1660647285872535040
1660647285922782720
1660647285972675584
1660647286022895104
1660647286073411072
1660647286123542016
1660647286172832256
1660647286222766080
1660647286273006080
1660647286322891776
1660647286372817408
1660647286422806784
1660647286472827392
1660647286523423744
1660647286573107968
1660647286622969088
1660647286673316864
1660647286723097088
1660647286773259520
1660647286823154432
1660647286873235200
1660647286923708160
1660647286973608448
1660647287023369216
1660647287073231872
1660647287123422208
1660647287173286912
1660647287223294208
1660647287273294080
1660647287323380480
1660647287376313088
1660647287423236096
1660647287473466624
1660647287523569664
1660647287573465088
1660647287623811072
1660647287674012928
1660647287724308992
1660647287773788160
1660647287823785472
1660647287873995008
1660647287924103424
1660647287973825024
1660647288023720192
1660647288073875968
1660647288123875584
1660647288173948160
1660647288223956480
1660647288273969408
1660647288323860480
1660647288374149632
1660647288424046592
1660647288474325504
1660647288524249088
1660647288574801152
1660647288624423936
1660647288674628096
1660647288724525568
1660647288774838272
1660647288824413696
1660647288875141888
1660647288924392960
1660647288975183616
1660647289026820608
1660647289074977792
1660647289124408832
1660647289175974912
1660647289224847104
1660647289275022080
1660647289324962560
1660647289375221504
1660647289425032704
1660647289475449088
1660647289524943872
1660647289575400704
1660647289626307328
1660647289675824640
1660647289725111040
1660647289775672832
1660647289825362432
1660647289875284736
1660647289925037824
1660647289975548672
1660647290026448384
1660647290075870208
1660647290126237952
1660647290175703296
1660647290225604864
1660647290275952128
1660647290325510912
1660647290375817984
1660647290425917696
1660647290475859712
1660647290526298880
1660647290578297344
1660647290626023424
1660647290676027136
1660647290725611520
1660647290776341248
1660647290826452992
1660647290876349184
1660647290926315776
1660647290976086272
1660647291025946112
1660647291076348928
1660647291126323712
1660647291176242944
1660647291226121472
1660647291276603648
1660647291326102784
1660647291376453632
1660647291426446848
1660647291476573440
1660647291526510336
1660647291576618752
1660647291627095808
1660647291676634112
1660647291728550144
1660647291777139456
1660647291826668544
1660647291876930816
1660647291926701056
1660647291976899328
1660647292026667008
1660647292076914432
1660647292126846208
1660647292176849152
1660647292229084672
1660647292277211648
1660647292326930688
1660647292377006080
1660647292427058688
1660647292477236480
1660647292527168768
1660647292577015808
1660647292627154432
1660647292677182464
1660647292727495936
1660647292777374976
1660647292827207680
1660647292877414144
1660647292927248128
1660647292977398016
1660647293027557632
1660647293077833216
1660647293127445248
1660647293177808896
1660647293227806464
1660647293277557504
1660647293327483648
1660647293377618944
1660647293428171520
1660647293478093056
1660647293527703552
1660647293578346496
1660647293627681024
1660647293678690304
1660647293728221440
1660647293777774848
1660647293828208384
1660647293880400128
1660647293928296192
1660647293978105344
1660647294028607744
1660647294078932480
1660647294128571136
1660647294178319104
1660647294228562688
1660647294278708480
1660647294328400128
1660647294378546688
1660647294428408832
1660647294479218944
1660647294528694272
1660647294578950400
1660647294628661760
1660647294678833664
1660647294728811776
1660647294778919424
1660647294829160704
1660647294879390464
1660647294929173504
1660647294979052800
1660647295029140736
1660647295079147520
1660647295129015296
1660647295179412992
1660647295229051904
1660647295279149056
1660647295328913920
1660647295379371520
1660647295431693824
1660647295479330048
1660647295529419776
1660647295579637248
1660647295629691392
1660647295679830016
1660647295729420032
1660647295779619584
1660647295829349376
1660647295879447296
1660647295929455616
1660647295980307456
1660647296029431040
1660647296079649536
1660647296129587456
1660647296179625984
1660647296229726720
1660647296280286208
1660647296330567168
1660647296380082176
1660647296429856768
1660647296479856640
1660647296529882624
1660647296580174336
1660647296630240512
1660647296680109568
1660647296730013440
1660647296780284416
1660647296830162176
1660647296880325632
1660647296930122240
1660647296980062464
1660647297030575872
1660647297083179520
1660647297130623744
1660647297180374528
1660647297231177984
1660647297280371712
1660647297330563584
1660647297380841728
1660647297431068928
1660647297480971008
1660647297530802432
1660647297580706304
1660647297631078400
1660647297680587264
1660647297730831360
1660647297780845312
1660647297830845952
1660647297880857088
1660647297931425792
1660647297980948224
1660647298031276288
1660647298081110784
1660647298131424000
1660647298181562112
1660647298231591168
1660647298281156352
1660647298331208704
1660647298381214208
1660647298431361792
1660647298481444096
1660647298531586048
1660647298581581312
1660647298631814400
1660647298682253568
1660647298737060352
1660647298781470464
1660647298831730432
1660647298881765888
1660647298931525376
1660647298981763072
1660647299031985152
1660647299082170112
1660647299131925248
1660647299181973248
1660647299231933696
1660647299281724160
1660647299331934464
1660647299381920768
1660647299432245504
1660647299482406912
1660647299532461824
1660647299582361600
1660647299632330496
1660647299681985024
1660647299732255744
1660647299782200832
1660647299832667904
1660647299882775552
1660647299932653056
1660647299982713088
1660647300032649216
1660647300082874880
1660647300132590848
1660647300182648576
1660647300232510208
1660647300283024384
1660647300333612032
1660647300385089536
1660647300433123840
1660647300483076864
1660647300533044480
1660647300583008512
1660647300632861952
1660647300683798016
1660647300733372928
1660647300783867648
1660647300833171200
1660647300883461632
1660647300933326336
1660647300983615744
1660647301033446656
1660647301083709440
1660647301133660416
1660647301183692032
1660647301233717248
1660647301283947520
1660647301334017024
1660647301383717376
1660647301433674496
1660647301484256768
1660647301533490432
1660647301584019968
1660647301633623808
1660647301683726848
1660647301733566464
1660647301783752704
1660647301833769728
1660647301884148224
1660647301934296832
1660647301984003840
1660647302036259840
1660647302084475648
1660647302134256640
1660647302184514304
1660647302234349056
1660647302284573952
1660647302333951744
1660647302384567808
1660647302434048512
1660647302484400128
1660647302534103296
1660647302584673280
1660647302634560000
1660647302684633088
1660647302735233024
1660647302784764928
1660647302834342144
1660647302884497408
1660647302934494720
1660647302984579072
1660647303034919936
1660647303085157888
1660647303134771456
1660647303184622080
1660647303234631424
1660647303284915968
1660647303334662400
1660647303385017088
1660647303435498496
1660647303485015296
1660647303535323136
1660647303585171712
1660647303635098624
1660647303687561216
1660647303734973952
1660647303785925120
1660647303835436288
1660647303885999104
1660647303935468032
1660647303985856768
1660647304035347200
1660647304085202688
1660647304135232256
1660647304185866752
1660647304235579392
1660647304285556480
1660647304335620352
1660647304385943296
1660647304435339776
1660647304485879552
1660647304535630592
1660647304586277888
1660647304635606016
1660647304686551296
1660647304735551232
1660647304786471936
1660647304835569408
1660647304885993216
1660647304936065536
1660647304985761280
1660647305036694016
1660647305086265856
1660647305136140544
1660647305186125824
1660647305236165632
1660647305286396928
1660647305338919424
1660647305387324160
1660647305435990016
1660647305487074816
1660647305536410624
1660647305586728192
1660647305636371712
1660647305686717440
1660647305736696320
1660647305786987776
1660647305837005056
1660647305886642432
1660647305936754432
1660647305987090688
1660647306036570624
1660647306087740928
1660647306137489152
1660647306188261120
1660647306236678656
1660647306287929856
1660647306336752640
1660647306387541760
1660647306436934400
1660647306488295936
1660647306537068800
1660647306588376576
1660647306637636096
1660647306688511232
1660647306737301248
1660647306787819008
1660647306837399552
1660647306887785472
1660647306937340416
1660647306992700416
1660647307037454336
1660647307088020480
1660647307137416448
1660647307188264448
1660647307237460736
1660647307288714496
1660647307337792000
1660647307388326400
1660647307439315712
1660647307488410112
1660647307537681920
1660647307588240384
1660647307637919744
1660647307688086784
1660647307738125312
1660647307789071104
1660647307838354688
1660647307888661760
1660647307937922048
1660647307989270016
1660647308037968384
1660647308089990400
1660647308138788608
1660647308188848896
1660647308238791424
1660647308288828928
1660647308338510848
1660647308389468416
1660647308438841088
1660647308489326848
1660647308538601728
1660647308589810432
1660647308641058048
1660647308689159936
1660647308738676224
1660647308789363200
1660647308838761216
1660647308889410560
1660647308938960384
1660647308989016832
1660647309039533056
1660647309089351936
1660647309139090688
1660647309189645824
1660647309238968320
1660647309290029312
1660647309339063552
1660647309390031104
1660647309439113984
1660647309490267904
1660647309539154176
1660647309589636864
1660647309639182592
1660647309690126848
1660647309739577344
1660647309790056192
1660647309839608320
1660647309889954048
1660647309939521792
1660647309989883392
1660647310039421184
1660647310089870592
1660647310139546368
1660647310190569728
1660647310239612160
1660647310292874240
1660647310339868928
1660647310389784576
1660647310440076288
1660647310489837056
1660647310540253696
1660647310589994496
1660647310639966720
1660647310690263296
1660647310740194048
1660647310790840576
1660647310839933184
1660647310890464256
1660647310940327168
1660647310990971392
1660647311040856576
1660647311090825728
1660647311140490240
1660647311190653440
1660647311240467456
1660647311290647552
1660647311340892928
1660647311390689536
1660647311441314304
1660647311490873088
1660647311540653824
1660647311590983424
1660647311640448000
1660647311691321600
1660647311740671744
1660647311791536640
1660647311843218688
1660647311891101184
1660647311940978688
1660647311990968320
1660647312041222912
1660647312091313664
1660647312141128960
1660647312191259648
1660647312241110528
1660647312291813120
1660647312342266624
1660647312391640832
1660647312441264640
1660647312492091136
1660647312541275648
1660647312591943936
1660647312641387520
1660647312691687168
1660647312741338624
1660647312792453376
1660647312841404160
1660647312891851264
1660647312942127360
1660647312991536640
1660647313041627648
1660647313091930880
1660647313141731840
1660647313192183040
1660647313241773568
1660647313291929344
1660647313341791744
1660647313392480256
1660647313441698048
1660647313494858752
1660647313542002432
1660647313592364288
1660647313641900032
1660647313692503552
1660647313743138816
1660647313793035776
1660647313842142208
1660647313892756736
1660647313943238400
1660647313992514816
1660647314042652928
1660647314093029376
1660647314142310912
1660647314193639680
1660647314242638336
1660647314293217024
1660647314342810368
1660647314393236992
1660647314442897664
1660647314492847360
1660647314542865920
1660647314592921344
1660647314643504640
1660647314693615360
1660647314743287808
1660647314793211392
1660647314843181824
1660647314893534464
1660647314943308800
1660647314993340672
1660647315043228928
1660647315093931776
1660647315145510912
1660647315193726464
1660647315243992576
1660647315294060544
1660647315344052224
1660647315393865216
1660647315443406592
1660647315494240256
1660647315544171008
1660647315594324224
1660647315643683328
1660647315694241536
1660647315743962624
1660647315794237440
1660647315843662336
1660647315894223616
1660647315943835904
1660647315994733568
1660647316044732160
1660647316094311680
1660647316144714240
1660647316194332928
1660647316244108288
1660647316294499840
1660647316344361216
1660647316395498752
1660647316444276480
1660647316495012352
1660647316544100608
1660647316594520064
1660647316644080896
1660647316694590208
1660647316744162048
1660647316796786432
1660647316844668928
1660647316894726144
1660647316944450048
1660647316995465216
1660647317044819456
1660647317095553792
1660647317144651776
1660647317196546816
1660647317244611072
1660647317294969088
1660647317344479488
1660647317395271936
1660647317444634368
1660647317496217856
1660647317545060608
1660647317595580672
1660647317645577984
1660647317696045056
1660647317745076992
1660647317795739648
1660647317846338048
1660647317896136960
1660647317946392832
1660647317997273856
1660647318045381376
1660647318095967488
1660647318145326336
1660647318196532736
1660647318245343744
1660647318296739584
1660647318347822848
1660647318396515328
1660647318446583040
1660647318496795136
1660647318545684480
1660647318596323840
1660647318647139840
1660647318696380928
1660647318747519488
1660647318798448384
1660647318847412224
1660647318896604160
1660647318945873920
1660647318997187072
1660647319046010112
1660647319097381888
1660647319146133504
1660647319197096960
1660647319247351040
1660647319297681920
1660647319346394112
1660647319397466880
1660647319447121664
1660647319497193984
1660647319546656768
1660647319598177024
1660647319646414080
1660647319697344000
1660647319746263296
1660647319797339136
1660647319846538240
1660647319899235328
1660647319946716416
1660647319997189888
1660647320047134464
1660647320098395136
1660647320148438784
1660647320197306880
1660647320247396352
1660647320297781760
1660647320346721536
1660647320397378560
1660647320447067392
1660647320498129152
1660647320547007232
1660647320597741312
1660647320647076608
1660647320697946624
1660647320747201792
1660647320797520640
1660647320847331840
1660647320897651968
1660647320947264512
1660647320997436160
1660647321047913728
1660647321098885632
1660647321147409408
1660647321198422784
1660647321247350784
1660647321297730048
1660647321347249152
1660647321398276352
1660647321447363584
1660647321498177280
1660647321550372352
1660647321598013696
1660647321648565248
1660647321698683136
1660647321747861248
1660647321799312384
1660647321848225024
1660647321900946432
1660647321948194560
1660647321999029248
1660647322048053248
1660647322099471360
1660647322148436992
1660647322199124480
1660647322248091392
1660647322299311616
1660647322348986368
1660647322398372864
1660647322448771840
1660647322498760960
1660647322549065216
1660647322598544384
1660647322648395008
1660647322699487744
1660647322748615168
1660647322798999040
1660647322848732928
1660647322898729984
1660647322950660096
1660647323000154368
1660647323048700160
1660647323099929088
1660647323149794048
1660647323201436416
1660647323248856064
1660647323299417344
1660647323349497856
1660647323399302912
1660647323449231360
1660647323499986432
1660647323549287936
1660647323600297728
1660647323649395712
1660647323699246080
1660647323749388032
1660647323800932352
1660647323849464576
1660647323901860096
1660647323950364416
1660647324000377344
1660647324049625600
1660647324100303104
1660647324150515968
1660647324200294656
1660647324249540096
1660647324300152576
1660647324349952000
1660647324399720448
1660647324449975552
1660647324500738048
1660647324550231040
1660647324601107968
1660647324650799872
1660647324701071360
1660647324750993152
1660647324800398080
1660647324852416768
1660647324900958720
1660647324950828544
1660647325000339456
1660647325052229632
1660647325100667904
1660647325150202880
1660647325200587008
1660647325252272640
1660647325301341184
1660647325350804736
1660647325401428480
1660647325450989056
1660647325502141440
1660647325551314176
1660647325601549056
1660647325650727680
1660647325701129472
1660647325752029952
1660647325802354944
1660647325850678016
1660647325901290752
1660647325951212544
1660647326001089536
1660647326051495680
1660647326101492480
1660647326151373568
1660647326201798400
1660647326251879424
1660647326303290624
1660647326352135168
1660647326402170880
1660647326451319040
1660647326501872640
1660647326551489280
1660647326602639872
1660647326651708672
1660647326701888000
1660647326751352576
1660647326801535488
1660647326851444992
1660647326902779136
1660647326951496448
1660647327002365952
1660647327051989760
1660647327101740032
1660647327152232704
1660647327202080256
1660647327251960832
1660647327302851328
1660647327352079360
1660647327402962432
1660647327452078080
1660647327502489088
1660647327551988992
1660647327602343168
1660647327652217088
1660647327702207744
1660647327752147456
1660647327803645696
1660647327853057792
1660647327903290112
1660647327954806528
1660647328002830848
1660647328052396544
1660647328103069184
1660647328152899840
1660647328203728640
1660647328252519936
1660647328302613760
1660647328352435968
1660647328402826496
1660647328452664064
1660647328503086592
1660647328552663808
1660647328603690752
1660647328653173504
1660647328703701760
1660647328752869120
1660647328803170048
1660647328853235712
1660647328903083264
1660647328953509120
1660647329004437504
1660647329053234432
1660647329103132416
1660647329153418752
1660647329203436544
1660647329253179904
1660647329303084032
1660647329353221120
1660647329403634432
1660647329454479616
1660647329503251968
1660647329553557248
1660647329606115840
1660647329653618176
1660647329705172224
1660647329754815488
1660647329804829184
1660647329853544704
1660647329903769088
1660647329953634048
1660647330003915264
1660647330054086656
1660647330104325888
1660647330154088448
1660647330205195520
1660647330254745088
1660647330303890432
1660647330354435840
1660647330405060352
1660647330454253568
1660647330504359424
1660647330554114560
1660647330605417216
1660647330654654720
1660647330704070144
1660647330755542528
1660647330805033728
1660647330854259456
1660647330905292544
1660647330954137600
1660647331004718080
1660647331054574592
1660647331104709632
1660647331154677760
1660647331204965632
1660647331257511936
1660647331305165312
1660647331354859008
1660647331404747776
1660647331455013888
1660647331504603392
1660647331554925824
1660647331604893184
1660647331655123456
1660647331705449216
1660647331755310592
1660647331805533696
1660647331855649536
1660647331905029632
1660647331955275776
1660647332005487616
1660647332055759616
1660647332105646592
1660647332155714048
1660647332205456128
1660647332256179456
1660647332305286400
1660647332355627520
1660647332405612544
1660647332455687680
1660647332506022912
1660647332556364288
1660647332606024960
1660647332655920384
1660647332706136832
1660647332755610112
1660647332805993984
1660647332856231936
1660647332906521600
1660647332956279296
1660647333009444096
1660647333056008192
1660647333106005248
1660647333156204544
1660647333205843968
1660647333256235008
1660647333306274048
1660647333357035520
1660647333406867968
1660647333456568064
1660647333506253568
1660647333556350976
1660647333606500864
1660647333657258752
1660647333706698496
1660647333756598784
1660647333806717440
1660647333856363264
1660647333906387456
1660647333956534272
1660647334006458624
1660647334056717568
1660647334107154944
1660647334157446400
1660647334206851328
1660647334258441216
1660647334306941184
1660647334356585984
1660647334407142400
1660647334457183232
1660647334507616256
1660647334559508992
1660647334607147776
1660647334657326080
1660647334707732736
1660647334756955392
1660647334807203072
1660647334856915968
1660647334907268608
1660647334957631488
1660647335007427072
1660647335057269760
1660647335108027904
1660647335157498112
1660647335207548416
1660647335258043648
1660647335308101120
1660647335357539584
1660647335407547392
1660647335457516800
1660647335507731456
1660647335557761536
1660647335607949056
1660647335657763072
1660647335707803648
1660647335758502656
1660647335807798272
1660647335857980928
1660647335908019712
1660647335958372608
1660647336008129280
1660647336058814208
1660647336108376320
1660647336158195712
1660647336210859520
1660647336258062336
1660647336308170752
1660647336358331392
1660647336408688896
1660647336458186240
1660647336508472832
1660647336559161856
1660647336608756480
1660647336658610176
1660647336708912128
1660647336759089152
1660647336808414464
1660647336858530560
1660647336909275648
1660647336958516736
1660647337008602624
1660647337058639616
1660647337108605184
1660647337158909952
1660647337208730112
1660647337259039744
1660647337309133824
1660647337359342080
1660647337409349120
1660647337459359744
1660647337508945408
1660647337559260160
1660647337609118208
1660647337659645696
1660647337709050368
1660647337759208448
1660647337808990976
1660647337861547008
1660647337909413120
1660647337959365376
1660647338009256960
1660647338059516928
1660647338109315072
1660647338159355648
1660647338209317120
1660647338259473408
1660647338309803264
1660647338360051200
1660647338410919424
1660647338460051968
1660647338509855744
1660647338560376320
1660647338609560576
1660647338659954176
1660647338709854208
1660647338760329472
1660647338810130432
1660647338860407552
1660647338909986304
1660647338959908352
1660647339009946880
1660647339060260352
1660647339109993728
1660647339160878592
1660647339210938624
1660647339260323840
1660647339310379776
1660647339360523520
1660647339410734080
1660647339460588288
1660647339510970880
1660647339560412672
1660647339610516224
1660647339660965376
1660647339710766336
1660647339760775168
1660647339810800128
1660647339860709120
1660647339911608064
1660647339961056256
1660647340011377408
1660647340061025024
1660647340110839296
1660647340161233408
1660647340211302912
1660647340260776960
1660647340311201792
1660647340361208320
1660647340411185664
1660647340462229248
1660647340511711744
1660647340561364736
1660647340611479040
1660647340661199104
1660647340711534080
1660647340761399808
1660647340811539200
1660647340861962496
1660647340911533568
1660647340961833984
1660647341011842816
1660647341061925888
1660647341112328704
1660647341161764608
1660647341211726336
1660647341264348416
1660647341312109568
1660647341361780480
1660647341412075008
1660647341462142208
1660647341511976448
1660647341562328576
1660647341612358912
1660647341661933824
1660647341712399104
1660647341762432768
1660647341812353024
1660647341862299904
1660647341913130496
1660647341962231808
1660647342012446720
1660647342062152448
1660647342112196096
1660647342162449152
1660647342212589312
1660647342263408896
1660647342312744448
1660647342362563328
1660647342412402176
1660647342463049216
1660647342512521984
1660647342562844416
1660647342612934144
1660647342662917632
1660647342712936448
1660647342763522304
1660647342815314944
1660647342863628288
1660647342912833280
1660647342963170816
1660647343013209344
1660647343063176448
1660647343113304576
1660647343163241728
1660647343213433856
1660647343263468288
1660647343313556224
1660647343363953152
1660647343413709568
1660647343463737856
1660647343513862400
1660647343564261376
1660647343613647872
1660647343663963136
1660647343714059776
1660647343763643136
1660647343813402880
1660647343863808768
1660647343914106368
1660647343963790592
1660647344013620224
1660647344063609344
1660647344113630720
1660647344163908096
1660647344214085376
1660647344263978752
1660647344313831424
1660647344364436992
1660647344413938176
1660647344466505216
1660647344513892352
1660647344563989248
1660647344613938176
1660647344664117504
1660647344714198272
1660647344764775680
1660647344814181120
1660647344864054784
1660647344914301952
1660647344964399616
1660647345014628352
1660647345064306944
1660647345114440448
1660647345164413184
1660647345214348032
1660647345264640256
1660647345314652672
1660647345364571648
1660647345414816768
1660647345465639168
1660647345515666944
1660647345564673536
1660647345614632192
1660647345664616960
1660647345715194880
1660647345764745728
1660647345815045632
1660647345864800768
1660647345914796800
1660647345965334272
1660647346015262208
1660647346064910336
1660647346117422080
1660647346165947392
1660647346215397120
1660647346265292800
1660647346315802624
1660647346365506304
1660647346415361024
1660647346465431296
1660647346515531008
1660647346565312768
1660647346615675904
1660647346665432320
1660647346715787776
1660647346766224384
1660647346815891200
1660647346865456384
1660647346915814400
1660647346965628160
1660647347016256256
1660647347066145024
1660647347116438784
1660647347165966080
1660647347215930112
1660647347266027520
1660647347315979264
1660647347366093568
1660647347416334592
1660647347466363136
1660647347516259840
1660647347566377728
1660647347616303360
1660647347668536064
1660647347716454912
1660647347766502912
1660647347816549888
1660647347866254336
1660647347916697600
1660647347966836480
1660647348016767744
1660647348066806528
1660647348116860672
1660647348166686208
1660647348216664064
1660647348267090432
1660647348316916736
1660647348366858496
1660647348416969216
1660647348467256064
1660647348517207808
1660647348567791104
1660647348617126912
1660647348667252224
1660647348717097216
1660647348767497984
1660647348816975616
1660647348867412736
1660647348917365248
1660647348967727872
1660647349017573120
1660647349068112384
1660647349119589120
1660647349167693824
1660647349217553152
1660647349267869440
1660647349317522432
1660647349368333824
1660647349417698816
1660647349467746304
1660647349517529600
1660647349567945728
1660647349617804544
1660647349668131328
1660647349718196224
1660647349767936256
1660647349817883392
1660647349868158464
1660647349917623296
1660647349968018432
1660647350017853696
1660647350068078848
1660647350117992960
1660647350168430592
1660647350218462976
1660647350268304384
1660647350318337024
1660647350368366336
1660647350418337024
1660647350468362752
1660647350518382848
1660647350568408832
1660647350618445056
1660647350668376576
1660647350718190336
1660647350770711296
1660647350818521600
1660647350868420864
1660647350919049984
1660647350969145600
1660647351019789312
1660647351068846080
1660647351118778624
1660647351169195776
1660647351218612224
1660647351269439488
1660647351318972672
1660647351368707584
1660647351418855424
1660647351468979968
1660647351518996224
1660647351568896512
1660647351619085568
1660647351669171712
1660647351719228928
1660647351769703936
1660647351820057088
1660647351869446656
1660647351919913216
1660647351969198848
1660647352019320320
1660647352069359872
1660647352119172608
1660647352169331968
1660647352219515648
1660647352269491200
1660647352319382272
1660647352369545472
1660647352422620672
1660647352470033664
1660647352519835904
1660647352570143232
1660647352620317184
1660647352669831680
1660647352720262912
1660647352769813504
1660647352819880704
1660647352870123008
1660647352919947264
1660647352969951488
1660647353019908352
1660647353070421248
1660647353120180224
1660647353170038784
1660647353220215808
1660647353270030848
1660647353320019712
1660647353370365440
1660647353420433408
1660647353470296320
1660647353520158976
1660647353570610432
1660647353620555264
1660647353670687232
1660647353720401152
1660647353771104768
1660647353820421632
1660647353871052032
1660647353920393472
1660647353970850304
1660647354020480768
1660647354071396096
1660647354120853504
1660647354171121664
1660647354221553152
1660647354271479808
1660647354320791296
1660647354371387648
1660647354421174272
1660647354471272448
1660647354521051136
1660647354571719936
1660647354621235968
1660647354671367424
1660647354721123840
1660647354771500544
1660647354821279232
1660647354871984896
1660647354921634816
1660647354971598592
1660647355021404160
1660647355071694080
1660647355121502464
1660647355171725056
1660647355221426944
1660647355272055040
1660647355321576704
1660647355371860224
1660647355421729536
1660647355472150016
1660647355522172416
1660647355571908352
1660647355623443456
1660647355672580096
1660647355722614784
1660647355772718848
1660647355822209024
1660647355873524736
1660647355922058240
1660647355972166912
1660647356022098432
1660647356072286208
1660647356122373632
1660647356172813824
1660647356222338816
1660647356272840448
1660647356322291968
1660647356372513280
1660647356422548992
1660647356472800256
1660647356523492608
1660647356572968704
1660647356622754816
1660647356672858880
1660647356722728960
1660647356773051648
1660647356822969088
1660647356873045760
1660647356923092736
1660647356973313024
1660647357023089920
1660647357072849152
1660647357123034880
1660647357173017856
1660647357223012352
1660647357272955392
1660647357323443200
1660647357375417344
1660647357423276032
1660647357473087744
1660647357523148032
1660647357573383936
1660647357623244800
1660647357673515776
1660647357723574784
1660647357773479424
1660647357823337984
1660647357873366784
1660647357923565312
1660647357973388800
1660647358023458048
1660647358073911808
1660647358124095488
1660647358173956352
1660647358223668480
1660647358273704448
1660647358323637504
1660647358374138112
1660647358423916544
1660647358473719296
1660647358523851520
1660647358574161408
1660647358624063232
1660647358674096640
1660647358724204032
1660647358774148352
1660647358824124672
1660647358874682880
1660647358924159232
1660647358974129408
1660647359024924160
1660647359074432256
1660647359124630784
1660647359174878720
1660647359224735488
1660647359275052288
1660647359324575232
1660647359374936832
1660647359424690944
1660647359474752768
1660647359524707584
1660647359574834176
1660647359624959232
1660647359674943744
1660647359725348352
1660647359776059648
1660647359824966144
1660647359874996992
1660647359924856320
1660647359975138816
1660647360025036288
1660647360075405824
1660647360125028352
1660647360175245824
1660647360224951296
1660647360275070208
1660647360325122048
1660647360375567616
1660647360425281024
1660647360475531264
1660647360525491968
1660647360575570944
1660647360625499136
1660647360675459328
1660647360725279232
1660647360777965568
1660647360825777152
1660647360875687680
1660647360925390080
1660647360975956480
1660647361025461504
1660647361075471872
1660647361125605376
1660647361175878912
1660647361225777152
1660647361275993088
1660647361326081792
1660647361376338432
1660647361425951232
1660647361476239360
1660647361526114816
1660647361575802112
1660647361625964032
1660647361676164864
1660647361726001408
1660647361776251648
1660647361825955584
1660647361876316416
1660647361926116864
1660647361976127744
1660647362026419968
1660647362076410624
1660647362126275328
1660647362176579328
1660647362226384128
1660647362277018368
1660647362326992896
1660647362376838400
1660647362426547712
1660647362476778752
1660647362529201408
1660647362577171200
1660647362626618112
1660647362677357824
1660647362726762752
1660647362776755712
1660647362827091200
1660647362877478400
1660647362926894336
1660647362976873728
1660647363027107840
1660647363078784512
1660647363127231232
1660647363177169408
1660647363227073024
1660647363277293824
1660647363327351552
1660647363377200128
1660647363427312128
1660647363477199360
1660647363527323136
1660647363577434112
1660647363628201984
1660647363677404928
1660647363728427264
1660647363777693184
1660647363827497728
1660647363877395712
1660647363927658752
1660647363977698560
1660647364027843072
1660647364078011392
1660647364127981056
1660647364180344320
1660647364228008192
1660647364277743104
1660647364330102272
1660647364377860352
1660647364430144768
1660647364478033664
1660647364528016384
1660647364578078464
1660647364628284416
1660647364678340096
1660647364728523264
1660647364778933760
1660647364828354560
1660647364878782976
1660647364928489728
1660647364978782976
1660647365028456192
1660647365078921728
1660647365128712704
1660647365178971392
1660647365229388288
1660647365279318528
1660647365328687616
1660647365379195136
1660647365428913920
1660647365479440640
1660647365529079552
1660647365579986432
1660647365629466880
1660647365679427072
1660647365729073152
1660647365779112960
1660647365831284992
1660647365879568640
1660647365929409280
1660647365979368192
1660647366029471232
1660647366079976704
1660647366129392896
1660647366179684096
1660647366229364992
1660647366279660288
1660647366329542656
1660647366380052224
1660647366429764352
1660647366480003584
1660647366529549312
1660647366579702272
1660647366629842432
1660647366680481536
1660647366729833728
1660647366780036608
1660647366830645760
1660647366880228608
1660647366929887232
1660647366980113920
1660647367029952256
1660647367080251648
1660647367130073856
1660647367180549632
1660647367230107648
1660647367280351744
1660647367330233600
1660647367381879552
1660647367430152448
1660647367483517696
1660647367530665984
1660647367580663552
1660647367632239104
1660647367681405696
1660647367730935296
1660647367780587008
1660647367830555392
1660647367880566784
1660647367930708736
1660647367981000960
1660647368030748160
1660647368080856320
1660647368130732288
1660647368180682752
1660647368230850816
1660647368281173248
1660647368331540480
1660647368381698816
1660647368431332096
1660647368480918272
1660647368530919168
1660647368581069824
1660647368630943488
1660647368681078272
1660647368731034112
1660647368781189888
1660647368831215360
1660647368881050880
1660647368931099392
1660647368983667456
1660647369034245888
1660647369081705728
1660647369131627008
1660647369181186048
1660647369231572224
1660647369281323520
1660647369331495680
1660647369381901056
1660647369431741184
1660647369482091008
1660647369531642112
1660647369581723392
1660647369631688192
1660647369681669632
1660647369731616256
1660647369781763840
1660647369833441280
1660647369882290176
1660647369931957760
1660647369981861120
1660647370032026112
1660647370082147072
1660647370131918592
1660647370183800832
1660647370232136704
1660647370282173440
1660647370332141312
1660647370382648064
1660647370432334848
1660647370483893248
1660647370532683264
1660647370583299328
